2018-07-24 10:09:40.672 [IPEngineApp] Loading url_file 'ipengine.json'
2018-07-24 10:09:40.940 [IPEngineApp] Loading url_file 'ipengine.json'
2018-07-24 10:09:40.944 [IPEngineApp] Loading url_file 'ipengine.json'
2018-07-24 10:09:40.947 [IPEngineApp] Loading url_file 'ipengine.json'
2018-07-24 10:09:40.952 [IPEngineApp] Loading url_file 'ipengine.json'
2018-07-24 10:09:40.955 [IPEngineApp] Loading url_file 'ipengine.json'
2018-07-24 10:09:40.958 [IPEngineApp] Loading url_file 'ipengine.json'
2018-07-24 10:09:40.967 [IPEngineApp] Loading url_file 'ipengine.json'
2018-07-24 10:09:40.969 [IPEngineApp] Loading url_file 'ipengine.json'
2018-07-24 10:09:40.987 [IPEngineApp] Loading url_file 'ipengine.json'
2018-07-24 10:09:40.997 [IPEngineApp] Loading url_file 'ipengine.json'
2018-07-24 10:09:41.001 [IPEngineApp] Loading url_file 'ipengine.json'
2018-07-24 10:09:41.003 [IPEngineApp] Loading url_file 'ipengine.json'
2018-07-24 10:09:41.005 [IPEngineApp] Loading url_file 'ipengine.json'
2018-07-24 10:09:41.007 [IPEngineApp] Loading url_file 'ipengine.json'
2018-07-24 10:09:41.010 [IPEngineApp] Loading url_file 'ipengine.json'
2018-07-24 10:09:41.012 [IPEngineApp] Loading url_file 'ipengine.json'
2018-07-24 10:09:40.790 [IPEngineApp] Loading url_file 'ipengine.json'
2018-07-24 10:09:40.797 [IPEngineApp] Loading url_file 'ipengine.json'
2018-07-24 10:09:41.019 [IPEngineApp] Loading url_file 'ipengine.json'
2018-07-24 10:09:41.021 [IPEngineApp] Loading url_file 'ipengine.json'
2018-07-24 10:09:41.023 [IPEngineApp] Loading url_file 'ipengine.json'
2018-07-24 10:09:41.025 [IPEngineApp] Loading url_file 'ipengine.json'
2018-07-24 10:09:41.027 [IPEngineApp] Loading url_file 'ipengine.json'
2018-07-24 10:09:41.029 [IPEngineApp] Loading url_file 'ipengine.json'
2018-07-24 10:09:41.036 [IPEngineApp] Loading url_file 'ipengine.json'
2018-07-24 10:09:41.040 [IPEngineApp] Loading url_file 'ipengine.json'
2018-07-24 10:09:41.042 [IPEngineApp] Loading url_file 'ipengine.json'
2018-07-24 10:09:41.045 [IPEngineApp] Loading url_file 'ipengine.json'
2018-07-24 10:09:41.048 [IPEngineApp] Loading url_file 'ipengine.json'
2018-07-24 10:09:41.055 [IPEngineApp] Loading url_file 'ipengine.json'
2018-07-24 10:09:41.059 [IPEngineApp] Loading url_file 'ipengine.json'
2018-07-24 10:09:40.761 [IPEngineApp] Loading url_file 'ipengine.json'
2018-07-24 10:09:40.782 [IPEngineApp] Loading url_file 'ipengine.json'
2018-07-24 10:09:40.811 [IPEngineApp] Loading url_file 'ipengine.json'
2018-07-24 10:09:40.753 [IPEngineApp] Loading url_file 'ipengine.json'
2018-07-24 10:09:40.802 [IPEngineApp] Loading url_file 'ipengine.json'
2018-07-24 10:09:40.723 [IPEngineApp] Loading url_file 'ipengine.json'
2018-07-24 10:09:40.882 [IPEngineApp] Loading url_file 'ipengine.json'
2018-07-24 10:09:40.853 [IPEngineApp] Loading url_file 'ipengine.json'
2018-07-24 10:09:40.963 [IPEngineApp] Loading url_file 'ipengine.json'
2018-07-24 10:09:40.872 [IPEngineApp] Loading url_file 'ipengine.json'
2018-07-24 10:09:40.922 [IPEngineApp] Loading url_file 'ipengine.json'
2018-07-24 10:09:40.932 [IPEngineApp] Loading url_file 'ipengine.json'
2018-07-24 10:09:40.913 [IPEngineApp] Loading url_file 'ipengine.json'
2018-07-24 10:09:41.267 [IPEngineApp] Loading url_file 'ipengine.json'
2018-07-24 10:09:41.265 [IPEngineApp] Loading url_file 'ipengine.json'
2018-07-24 10:09:41.264 [IPEngineApp] Loading url_file 'ipengine.json'
2018-07-24 10:09:41.271 [IPEngineApp] Loading url_file 'ipengine.json'
2018-07-24 10:09:41.262 [IPEngineApp] Loading url_file 'ipengine.json'
2018-07-24 10:09:41.270 [IPEngineApp] Loading url_file 'ipengine.json'
2018-07-24 10:09:41.279 [IPEngineApp] Loading url_file 'ipengine.json'
2018-07-24 10:09:41.284 [IPEngineApp] Loading url_file 'ipengine.json'
2018-07-24 10:09:42.855 [IPEngineApp] Loading url_file 'ipengine.json'
2018-07-24 10:09:42.882 [IPEngineApp] Loading url_file 'ipengine.json'
2018-07-24 10:09:42.912 [IPEngineApp] Loading url_file 'ipengine.json'
2018-07-24 10:09:41.289 [IPEngineApp] Loading url_file 'ipengine.json'
2018-07-24 10:09:41.291 [IPEngineApp] Loading url_file 'ipengine.json'
2018-07-24 10:09:43.000 [IPEngineApp] Loading url_file 'ipengine.json'
2018-07-24 10:09:43.061 [IPEngineApp] Loading url_file 'ipengine.json'
2018-07-24 10:09:43.293 [IPEngineApp] Loading url_file 'ipengine.json'
2018-07-24 10:09:44.344 [IPEngineApp] Registering with controller at tcp://10.50.180.72:58464
2018-07-24 10:09:44.348 [IPEngineApp] Registering with controller at tcp://10.50.180.72:58464
2018-07-24 10:09:44.350 [IPEngineApp] Registering with controller at tcp://10.50.180.72:58464
2018-07-24 10:09:44.353 [IPEngineApp] Registering with controller at tcp://10.50.180.72:58464
2018-07-24 10:09:44.356 [IPEngineApp] Registering with controller at tcp://10.50.180.72:58464
2018-07-24 10:09:44.359 [IPEngineApp] Registering with controller at tcp://10.50.180.72:58464
2018-07-24 10:09:44.361 [IPEngineApp] Registering with controller at tcp://10.50.180.72:58464
2018-07-24 10:09:44.364 [IPEngineApp] Registering with controller at tcp://10.50.180.72:58464
2018-07-24 10:09:44.367 [IPEngineApp] Registering with controller at tcp://10.50.180.72:58464
2018-07-24 10:09:44.370 [IPEngineApp] Registering with controller at tcp://10.50.180.72:58464
2018-07-24 10:09:44.372 [IPEngineApp] Registering with controller at tcp://10.50.180.72:58464
2018-07-24 10:09:44.375 [IPEngineApp] Registering with controller at tcp://10.50.180.72:58464
2018-07-24 10:09:44.377 [IPEngineApp] Registering with controller at tcp://10.50.180.72:58464
2018-07-24 10:09:44.380 [IPEngineApp] Registering with controller at tcp://10.50.180.72:58464
2018-07-24 10:09:44.383 [IPEngineApp] Registering with controller at tcp://10.50.180.72:58464
2018-07-24 10:09:44.385 [IPEngineApp] Registering with controller at tcp://10.50.180.72:58464
2018-07-24 10:09:44.388 [IPEngineApp] Registering with controller at tcp://10.50.180.72:58464
2018-07-24 10:09:44.391 [IPEngineApp] Registering with controller at tcp://10.50.180.72:58464
2018-07-24 10:09:44.393 [IPEngineApp] Registering with controller at tcp://10.50.180.72:58464
2018-07-24 10:09:44.396 [IPEngineApp] Registering with controller at tcp://10.50.180.72:58464
2018-07-24 10:09:44.399 [IPEngineApp] Registering with controller at tcp://10.50.180.72:58464
2018-07-24 10:09:44.402 [IPEngineApp] Registering with controller at tcp://10.50.180.72:58464
2018-07-24 10:09:44.405 [IPEngineApp] Registering with controller at tcp://10.50.180.72:58464
2018-07-24 10:09:44.408 [IPEngineApp] Registering with controller at tcp://10.50.180.72:58464
2018-07-24 10:09:44.411 [IPEngineApp] Registering with controller at tcp://10.50.180.72:58464
2018-07-24 10:09:44.413 [IPEngineApp] Registering with controller at tcp://10.50.180.72:58464
2018-07-24 10:09:44.416 [IPEngineApp] Registering with controller at tcp://10.50.180.72:58464
2018-07-24 10:09:44.419 [IPEngineApp] Registering with controller at tcp://10.50.180.72:58464
2018-07-24 10:09:44.421 [IPEngineApp] Registering with controller at tcp://10.50.180.72:58464
2018-07-24 10:09:44.424 [IPEngineApp] Registering with controller at tcp://10.50.180.72:58464
2018-07-24 10:09:44.427 [IPEngineApp] Registering with controller at tcp://10.50.180.72:58464
2018-07-24 10:09:44.429 [IPEngineApp] Registering with controller at tcp://10.50.180.72:58464
2018-07-24 10:09:44.432 [IPEngineApp] Registering with controller at tcp://10.50.180.72:58464
2018-07-24 10:09:44.435 [IPEngineApp] Registering with controller at tcp://10.50.180.72:58464
2018-07-24 10:09:44.437 [IPEngineApp] Registering with controller at tcp://10.50.180.72:58464
2018-07-24 10:09:44.440 [IPEngineApp] Registering with controller at tcp://10.50.180.72:58464
2018-07-24 10:09:44.443 [IPEngineApp] Registering with controller at tcp://10.50.180.72:58464
2018-07-24 10:09:44.446 [IPEngineApp] Registering with controller at tcp://10.50.180.72:58464
2018-07-24 10:09:44.449 [IPEngineApp] Registering with controller at tcp://10.50.180.72:58464
2018-07-24 10:09:44.451 [IPEngineApp] Registering with controller at tcp://10.50.180.72:58464
2018-07-24 10:09:44.495 [IPEngineApp] Registering with controller at tcp://10.50.180.72:58464
2018-07-24 10:09:44.511 [IPEngineApp] Registering with controller at tcp://10.50.180.72:58464
2018-07-24 10:09:44.534 [IPEngineApp] Registering with controller at tcp://10.50.180.72:58464
2018-07-24 10:09:44.553 [IPEngineApp] Registering with controller at tcp://10.50.180.72:58464
2018-07-24 10:09:44.680 [IPEngineApp] Registering with controller at tcp://10.50.180.72:58464
2018-07-24 10:09:44.689 [IPEngineApp] Registering with controller at tcp://10.50.180.72:58464
2018-07-24 10:09:44.701 [IPEngineApp] Registering with controller at tcp://10.50.180.72:58464
2018-07-24 10:09:44.712 [IPEngineApp] Registering with controller at tcp://10.50.180.72:58464
2018-07-24 10:09:44.720 [IPEngineApp] Registering with controller at tcp://10.50.180.72:58464
2018-07-24 10:09:44.726 [IPEngineApp] Registering with controller at tcp://10.50.180.72:58464
2018-07-24 10:09:44.735 [IPEngineApp] Registering with controller at tcp://10.50.180.72:58464
2018-07-24 10:09:46.703 [IPEngineApp] Loading url_file 'ipengine.json'
2018-07-24 10:09:46.763 [IPEngineApp] Registering with controller at tcp://10.50.180.72:58464
2018-07-24 10:09:46.766 [IPEngineApp] Registering with controller at tcp://10.50.180.72:58464
2018-07-24 10:09:46.769 [IPEngineApp] Registering with controller at tcp://10.50.180.72:58464
2018-07-24 10:09:46.790 [IPEngineApp] Registering with controller at tcp://10.50.180.72:58464
2018-07-24 10:09:46.828 [IPEngineApp] Registering with controller at tcp://10.50.180.72:58464
2018-07-24 10:09:46.903 [IPEngineApp] Registering with controller at tcp://10.50.180.72:58464
2018-07-24 10:09:47.088 [IPEngineApp] Registering with controller at tcp://10.50.180.72:58464
2018-07-24 10:09:47.879 [IPEngineApp] Registering with controller at tcp://10.50.180.72:58464
2018-07-24 10:09:48.282 [IPEngineApp] Starting to monitor the heartbeat signal from the hub every 3010 ms.
2018-07-24 10:09:48.363 [IPEngineApp] Starting to monitor the heartbeat signal from the hub every 3010 ms.
2018-07-24 10:09:48.406 [IPEngineApp] Starting to monitor the heartbeat signal from the hub every 3010 ms.
2018-07-24 10:09:48.412 [IPEngineApp] Starting to monitor the heartbeat signal from the hub every 3010 ms.
2018-07-24 10:09:48.416 [IPEngineApp] Starting to monitor the heartbeat signal from the hub every 3010 ms.
2018-07-24 10:09:48.420 [IPEngineApp] Starting to monitor the heartbeat signal from the hub every 3010 ms.
2018-07-24 10:09:48.426 [IPEngineApp] Starting to monitor the heartbeat signal from the hub every 3010 ms.
2018-07-24 10:09:48.430 [IPEngineApp] Starting to monitor the heartbeat signal from the hub every 3010 ms.
2018-07-24 10:09:48.436 [IPEngineApp] Starting to monitor the heartbeat signal from the hub every 3010 ms.
2018-07-24 10:09:48.439 [IPEngineApp] Starting to monitor the heartbeat signal from the hub every 3010 ms.
2018-07-24 10:09:48.445 [IPEngineApp] Starting to monitor the heartbeat signal from the hub every 3010 ms.
2018-07-24 10:09:48.448 [IPEngineApp] Starting to monitor the heartbeat signal from the hub every 3010 ms.
2018-07-24 10:09:48.454 [IPEngineApp] Starting to monitor the heartbeat signal from the hub every 3010 ms.
2018-07-24 10:09:48.459 [IPEngineApp] Starting to monitor the heartbeat signal from the hub every 3010 ms.
2018-07-24 10:09:48.467 [IPEngineApp] Starting to monitor the heartbeat signal from the hub every 3010 ms.
2018-07-24 10:09:48.475 [IPEngineApp] Starting to monitor the heartbeat signal from the hub every 3010 ms.
2018-07-24 10:09:48.480 [IPEngineApp] Starting to monitor the heartbeat signal from the hub every 3010 ms.
2018-07-24 10:09:48.485 [IPEngineApp] Starting to monitor the heartbeat signal from the hub every 3010 ms.
2018-07-24 10:09:48.496 [IPEngineApp] Starting to monitor the heartbeat signal from the hub every 3010 ms.
2018-07-24 10:09:48.499 [IPEngineApp] Starting to monitor the heartbeat signal from the hub every 3010 ms.
2018-07-24 10:09:48.505 [IPEngineApp] Starting to monitor the heartbeat signal from the hub every 3010 ms.
2018-07-24 10:09:48.508 [IPEngineApp] Starting to monitor the heartbeat signal from the hub every 3010 ms.
2018-07-24 10:09:48.513 [IPEngineApp] Starting to monitor the heartbeat signal from the hub every 3010 ms.
2018-07-24 10:09:48.525 [IPEngineApp] Starting to monitor the heartbeat signal from the hub every 3010 ms.
2018-07-24 10:09:48.529 [IPEngineApp] Starting to monitor the heartbeat signal from the hub every 3010 ms.
2018-07-24 10:09:48.535 [IPEngineApp] Starting to monitor the heartbeat signal from the hub every 3010 ms.
2018-07-24 10:09:48.545 [IPEngineApp] Starting to monitor the heartbeat signal from the hub every 3010 ms.
2018-07-24 10:09:48.559 [IPEngineApp] Starting to monitor the heartbeat signal from the hub every 3010 ms.
2018-07-24 10:09:48.564 [IPEngineApp] Starting to monitor the heartbeat signal from the hub every 3010 ms.
2018-07-24 10:09:48.567 [IPEngineApp] Starting to monitor the heartbeat signal from the hub every 3010 ms.
2018-07-24 10:09:48.570 [IPEngineApp] Starting to monitor the heartbeat signal from the hub every 3010 ms.
2018-07-24 10:09:48.579 [IPEngineApp] Starting to monitor the heartbeat signal from the hub every 3010 ms.
2018-07-24 10:09:48.583 [IPEngineApp] Starting to monitor the heartbeat signal from the hub every 3010 ms.
2018-07-24 10:09:48.243 [IPEngineApp] Starting to monitor the heartbeat signal from the hub every 3010 ms.
2018-07-24 10:09:48.600 [IPEngineApp] Starting to monitor the heartbeat signal from the hub every 3010 ms.
2018-07-24 10:09:48.603 [IPEngineApp] Starting to monitor the heartbeat signal from the hub every 3010 ms.
2018-07-24 10:09:48.263 [IPEngineApp] Starting to monitor the heartbeat signal from the hub every 3010 ms.
2018-07-24 10:09:48.323 [IPEngineApp] Starting to monitor the heartbeat signal from the hub every 3010 ms.
2018-07-24 10:09:48.313 [IPEngineApp] Starting to monitor the heartbeat signal from the hub every 3010 ms.
2018-07-24 10:09:48.353 [IPEngineApp] Starting to monitor the heartbeat signal from the hub every 3010 ms.
2018-07-24 10:09:48.715 [IPEngineApp] Starting to monitor the heartbeat signal from the hub every 3010 ms.
2018-07-24 10:09:48.727 [IPEngineApp] Starting to monitor the heartbeat signal from the hub every 3010 ms.
2018-07-24 10:09:48.736 [IPEngineApp] Completed registration with id 26
2018-07-24 10:09:48.737 [IPEngineApp] Completed registration with id 32
2018-07-24 10:09:48.739 [IPEngineApp] Completed registration with id 12
2018-07-24 10:09:48.741 [IPEngineApp] Completed registration with id 38
2018-07-24 10:09:48.745 [IPEngineApp] Completed registration with id 16
2018-07-24 10:09:48.747 [IPEngineApp] Starting to monitor the heartbeat signal from the hub every 3010 ms.
2018-07-24 10:09:48.750 [IPEngineApp] Completed registration with id 2
2018-07-24 10:09:48.752 [IPEngineApp] Completed registration with id 35
2018-07-24 10:09:48.753 [IPEngineApp] Completed registration with id 9
2018-07-24 10:09:48.755 [IPEngineApp] Completed registration with id 5
2018-07-24 10:09:48.756 [IPEngineApp] Completed registration with id 17
2018-07-24 10:09:48.758 [IPEngineApp] Completed registration with id 27
2018-07-24 10:09:48.759 [IPEngineApp] Completed registration with id 33
2018-07-24 10:09:48.761 [IPEngineApp] Completed registration with id 25
2018-07-24 10:09:48.762 [IPEngineApp] Completed registration with id 20
2018-07-24 10:09:48.763 [IPEngineApp] Completed registration with id 31
2018-07-24 10:09:48.765 [IPEngineApp] Completed registration with id 6
2018-07-24 10:09:48.767 [IPEngineApp] Completed registration with id 0
2018-07-24 10:09:48.769 [IPEngineApp] Completed registration with id 18
2018-07-24 10:09:48.493 [IPEngineApp] Starting to monitor the heartbeat signal from the hub every 3010 ms.
2018-07-24 10:09:48.776 [IPEngineApp] Starting to monitor the heartbeat signal from the hub every 3010 ms.
2018-07-24 10:09:48.779 [IPEngineApp] Completed registration with id 28
2018-07-24 10:09:48.780 [IPEngineApp] Completed registration with id 19
2018-07-24 10:09:48.786 [IPEngineApp] Completed registration with id 30
2018-07-24 10:09:48.787 [IPEngineApp] Completed registration with id 22
2018-07-24 10:09:48.788 [IPEngineApp] Completed registration with id 10
2018-07-24 10:09:48.794 [IPEngineApp] Completed registration with id 3
2018-07-24 10:09:48.796 [IPEngineApp] Completed registration with id 13
2018-07-24 10:09:48.797 [IPEngineApp] Completed registration with id 15
2018-07-24 10:09:48.798 [IPEngineApp] Completed registration with id 1
2018-07-24 10:09:48.800 [IPEngineApp] Completed registration with id 8
2018-07-24 10:09:48.801 [IPEngineApp] Completed registration with id 23
2018-07-24 10:09:48.802 [IPEngineApp] Completed registration with id 4
2018-07-24 10:09:48.804 [IPEngineApp] Completed registration with id 21
2018-07-24 10:09:48.805 [IPEngineApp] Completed registration with id 36
2018-07-24 10:09:48.807 [IPEngineApp] Completed registration with id 24
2018-07-24 10:09:48.808 [IPEngineApp] Completed registration with id 29
2018-07-24 10:09:48.809 [IPEngineApp] Completed registration with id 7
2018-07-24 10:09:48.812 [IPEngineApp] Starting to monitor the heartbeat signal from the hub every 3010 ms.
2018-07-24 10:09:48.815 [IPEngineApp] Starting to monitor the heartbeat signal from the hub every 3010 ms.
2018-07-24 10:09:48.819 [IPEngineApp] Completed registration with id 37
2018-07-24 10:09:48.694 [IPEngineApp] Starting to monitor the heartbeat signal from the hub every 3010 ms.
2018-07-24 10:09:48.824 [IPEngineApp] Completed registration with id 14
2018-07-24 10:09:48.825 [IPEngineApp] Completed registration with id 34
2018-07-24 10:09:48.826 [IPEngineApp] Completed registration with id 11
2018-07-24 10:09:48.834 [IPEngineApp] Starting to monitor the heartbeat signal from the hub every 3010 ms.
2018-07-24 10:09:48.848 [IPEngineApp] Starting to monitor the heartbeat signal from the hub every 3010 ms.
2018-07-24 10:09:48.870 [IPEngineApp] Completed registration with id 43
2018-07-24 10:09:48.876 [IPEngineApp] Completed registration with id 46
2018-07-24 10:09:48.879 [IPEngineApp] Completed registration with id 42
2018-07-24 10:09:48.884 [IPEngineApp] Completed registration with id 41
2018-07-24 10:09:48.889 [IPEngineApp] Completed registration with id 49
2018-07-24 10:09:48.899 [IPEngineApp] Completed registration with id 40
2018-07-24 10:09:48.901 [IPEngineApp] Completed registration with id 45
2018-07-24 10:09:48.903 [IPEngineApp] Completed registration with id 47
2018-07-24 10:09:48.907 [IPEngineApp] Completed registration with id 44
2018-07-24 10:09:48.918 [IPEngineApp] Completed registration with id 48
2018-07-24 10:09:48.926 [IPEngineApp] Starting to monitor the heartbeat signal from the hub every 3010 ms.
2018-07-24 10:09:48.929 [IPEngineApp] Starting to monitor the heartbeat signal from the hub every 3010 ms.
2018-07-24 10:09:48.934 [IPEngineApp] Completed registration with id 50
2018-07-24 10:09:48.937 [IPEngineApp] Starting to monitor the heartbeat signal from the hub every 3010 ms.
2018-07-24 10:09:48.945 [IPEngineApp] Starting to monitor the heartbeat signal from the hub every 3010 ms.
2018-07-24 10:09:48.949 [IPEngineApp] Starting to monitor the heartbeat signal from the hub every 3010 ms.
2018-07-24 10:09:48.953 [IPEngineApp] Starting to monitor the heartbeat signal from the hub every 3010 ms.
2018-07-24 10:09:48.964 [IPEngineApp] Starting to monitor the heartbeat signal from the hub every 3010 ms.
2018-07-24 10:09:48.976 [IPEngineApp] Completed registration with id 52
2018-07-24 10:09:48.977 [IPEngineApp] Completed registration with id 51
2018-07-24 10:09:48.979 [IPEngineApp] Completed registration with id 53
2018-07-24 10:09:48.980 [IPEngineApp] Completed registration with id 54
2018-07-24 10:09:48.985 [IPEngineApp] Completed registration with id 55
2018-07-24 10:09:48.987 [IPEngineApp] Completed registration with id 56
2018-07-24 10:09:48.988 [IPEngineApp] Completed registration with id 57
2018-07-24 10:09:48.994 [IPEngineApp] Starting to monitor the heartbeat signal from the hub every 3010 ms.
2018-07-24 10:09:48.999 [IPEngineApp] Completed registration with id 58
