2018-07-20 07:12:53.468 [IPEngineApp] Loading url_file 'ipengine.json'
2018-07-20 07:12:53.607 [IPEngineApp] Loading url_file 'ipengine.json'
2018-07-20 07:12:53.617 [IPEngineApp] Loading url_file 'ipengine.json'
2018-07-20 07:12:53.696 [IPEngineApp] Loading url_file 'ipengine.json'
2018-07-20 07:12:53.696 [IPEngineApp] Loading url_file 'ipengine.json'
2018-07-20 07:12:53.568 [IPEngineApp] Loading url_file 'ipengine.json'
2018-07-20 07:12:53.691 [IPEngineApp] Loading url_file 'ipengine.json'
2018-07-20 07:12:53.687 [IPEngineApp] Loading url_file 'ipengine.json'
2018-07-20 07:12:53.655 [IPEngineApp] Loading url_file 'ipengine.json'
2018-07-20 07:12:53.678 [IPEngineApp] Loading url_file 'ipengine.json'
2018-07-20 07:12:53.493 [IPEngineApp] Loading url_file 'ipengine.json'
2018-07-20 07:12:53.497 [IPEngineApp] Loading url_file 'ipengine.json'
2018-07-20 07:12:53.475 [IPEngineApp] Loading url_file 'ipengine.json'
2018-07-20 07:12:53.485 [IPEngineApp] Loading url_file 'ipengine.json'
2018-07-20 07:12:53.481 [IPEngineApp] Loading url_file 'ipengine.json'
2018-07-20 07:12:53.489 [IPEngineApp] Loading url_file 'ipengine.json'
2018-07-20 07:12:53.738 [IPEngineApp] Loading url_file 'ipengine.json'
2018-07-20 07:12:53.768 [IPEngineApp] Loading url_file 'ipengine.json'
2018-07-20 07:12:53.775 [IPEngineApp] Loading url_file 'ipengine.json'
2018-07-20 07:12:53.779 [IPEngineApp] Loading url_file 'ipengine.json'
2018-07-20 07:12:53.782 [IPEngineApp] Loading url_file 'ipengine.json'
2018-07-20 07:12:53.785 [IPEngineApp] Loading url_file 'ipengine.json'
2018-07-20 07:12:53.788 [IPEngineApp] Loading url_file 'ipengine.json'
2018-07-20 07:12:53.799 [IPEngineApp] Loading url_file 'ipengine.json'
2018-07-20 07:12:53.602 [IPEngineApp] Loading url_file 'ipengine.json'
2018-07-20 07:12:53.583 [IPEngineApp] Loading url_file 'ipengine.json'
2018-07-20 07:12:53.563 [IPEngineApp] Loading url_file 'ipengine.json'
2018-07-20 07:12:53.805 [IPEngineApp] Loading url_file 'ipengine.json'
2018-07-20 07:12:53.573 [IPEngineApp] Loading url_file 'ipengine.json'
2018-07-20 07:12:53.588 [IPEngineApp] Loading url_file 'ipengine.json'
2018-07-20 07:12:53.578 [IPEngineApp] Loading url_file 'ipengine.json'
2018-07-20 07:12:53.528 [IPEngineApp] Loading url_file 'ipengine.json'
2018-07-20 07:12:53.538 [IPEngineApp] Loading url_file 'ipengine.json'
2018-07-20 07:12:53.816 [IPEngineApp] Loading url_file 'ipengine.json'
2018-07-20 07:12:53.627 [IPEngineApp] Loading url_file 'ipengine.json'
2018-07-20 07:12:53.597 [IPEngineApp] Loading url_file 'ipengine.json'
2018-07-20 07:12:53.515 [IPEngineApp] Loading url_file 'ipengine.json'
2018-07-20 07:12:53.653 [IPEngineApp] Loading url_file 'ipengine.json'
2018-07-20 07:12:53.822 [IPEngineApp] Loading url_file 'ipengine.json'
2018-07-20 07:12:53.648 [IPEngineApp] Loading url_file 'ipengine.json'
2018-07-20 07:12:53.660 [IPEngineApp] Loading url_file 'ipengine.json'
2018-07-20 07:12:53.701 [IPEngineApp] Loading url_file 'ipengine.json'
2018-07-20 07:12:53.870 [IPEngineApp] Loading url_file 'ipengine.json'
2018-07-20 07:12:54.091 [IPEngineApp] Loading url_file 'ipengine.json'
2018-07-20 07:12:54.105 [IPEngineApp] Loading url_file 'ipengine.json'
2018-07-20 07:12:54.774 [IPEngineApp] Registering with controller at tcp://10.50.180.72:64053
2018-07-20 07:12:54.777 [IPEngineApp] Registering with controller at tcp://10.50.180.72:64053
2018-07-20 07:12:54.794 [IPEngineApp] Registering with controller at tcp://10.50.180.72:64053
2018-07-20 07:12:54.797 [IPEngineApp] Registering with controller at tcp://10.50.180.72:64053
2018-07-20 07:12:54.801 [IPEngineApp] Registering with controller at tcp://10.50.180.72:64053
2018-07-20 07:12:54.804 [IPEngineApp] Registering with controller at tcp://10.50.180.72:64053
2018-07-20 07:12:54.807 [IPEngineApp] Registering with controller at tcp://10.50.180.72:64053
2018-07-20 07:12:54.813 [IPEngineApp] Registering with controller at tcp://10.50.180.72:64053
2018-07-20 07:12:54.821 [IPEngineApp] Registering with controller at tcp://10.50.180.72:64053
2018-07-20 07:12:54.822 [IPEngineApp] Registering with controller at tcp://10.50.180.72:64053
2018-07-20 07:12:54.831 [IPEngineApp] Registering with controller at tcp://10.50.180.72:64053
2018-07-20 07:12:54.829 [IPEngineApp] Registering with controller at tcp://10.50.180.72:64053
2018-07-20 07:12:54.832 [IPEngineApp] Registering with controller at tcp://10.50.180.72:64053
2018-07-20 07:12:54.837 [IPEngineApp] Registering with controller at tcp://10.50.180.72:64053
2018-07-20 07:12:54.838 [IPEngineApp] Registering with controller at tcp://10.50.180.72:64053
2018-07-20 07:12:54.895 [IPEngineApp] Registering with controller at tcp://10.50.180.72:64053
2018-07-20 07:12:54.915 [IPEngineApp] Registering with controller at tcp://10.50.180.72:64053
2018-07-20 07:12:54.922 [IPEngineApp] Registering with controller at tcp://10.50.180.72:64053
2018-07-20 07:12:54.925 [IPEngineApp] Registering with controller at tcp://10.50.180.72:64053
2018-07-20 07:12:54.935 [IPEngineApp] Registering with controller at tcp://10.50.180.72:64053
2018-07-20 07:12:54.944 [IPEngineApp] Registering with controller at tcp://10.50.180.72:64053
2018-07-20 07:12:54.960 [IPEngineApp] Registering with controller at tcp://10.50.180.72:64053
2018-07-20 07:12:54.964 [IPEngineApp] Registering with controller at tcp://10.50.180.72:64053
2018-07-20 07:12:54.966 [IPEngineApp] Registering with controller at tcp://10.50.180.72:64053
2018-07-20 07:12:54.967 [IPEngineApp] Registering with controller at tcp://10.50.180.72:64053
2018-07-20 07:12:54.969 [IPEngineApp] Registering with controller at tcp://10.50.180.72:64053
2018-07-20 07:12:54.973 [IPEngineApp] Registering with controller at tcp://10.50.180.72:64053
2018-07-20 07:12:54.976 [IPEngineApp] Registering with controller at tcp://10.50.180.72:64053
2018-07-20 07:12:54.979 [IPEngineApp] Registering with controller at tcp://10.50.180.72:64053
2018-07-20 07:12:54.980 [IPEngineApp] Registering with controller at tcp://10.50.180.72:64053
2018-07-20 07:12:54.981 [IPEngineApp] Registering with controller at tcp://10.50.180.72:64053
2018-07-20 07:12:54.984 [IPEngineApp] Registering with controller at tcp://10.50.180.72:64053
2018-07-20 07:12:54.990 [IPEngineApp] Registering with controller at tcp://10.50.180.72:64053
2018-07-20 07:12:54.994 [IPEngineApp] Registering with controller at tcp://10.50.180.72:64053
2018-07-20 07:12:55.000 [IPEngineApp] Registering with controller at tcp://10.50.180.72:64053
2018-07-20 07:12:54.953 [IPEngineApp] Registering with controller at tcp://10.50.180.72:64053
2018-07-20 07:12:55.065 [IPEngineApp] Registering with controller at tcp://10.50.180.72:64053
2018-07-20 07:12:55.189 [IPEngineApp] Registering with controller at tcp://10.50.180.72:64053
2018-07-20 07:12:55.693 [IPEngineApp] Registering with controller at tcp://10.50.180.72:64053
2018-07-20 07:12:55.714 [IPEngineApp] Registering with controller at tcp://10.50.180.72:64053
2018-07-20 07:12:55.727 [IPEngineApp] Registering with controller at tcp://10.50.180.72:64053
2018-07-20 07:12:55.754 [IPEngineApp] Registering with controller at tcp://10.50.180.72:64053
2018-07-20 07:12:55.830 [IPEngineApp] Registering with controller at tcp://10.50.180.72:64053
2018-07-20 07:12:55.843 [IPEngineApp] Registering with controller at tcp://10.50.180.72:64053
2018-07-20 07:12:55.857 [IPEngineApp] Loading url_file 'ipengine.json'
2018-07-20 07:12:55.860 [IPEngineApp] Loading url_file 'ipengine.json'
2018-07-20 07:12:55.864 [IPEngineApp] Loading url_file 'ipengine.json'
2018-07-20 07:12:55.927 [IPEngineApp] Loading url_file 'ipengine.json'
2018-07-20 07:12:55.968 [IPEngineApp] Registering with controller at tcp://10.50.180.72:64053
2018-07-20 07:12:55.972 [IPEngineApp] Registering with controller at tcp://10.50.180.72:64053
2018-07-20 07:12:55.981 [IPEngineApp] Registering with controller at tcp://10.50.180.72:64053
2018-07-20 07:12:56.024 [IPEngineApp] Registering with controller at tcp://10.50.180.72:64053
2018-07-20 07:12:56.026 [IPEngineApp] Loading url_file 'ipengine.json'
2018-07-20 07:12:56.049 [IPEngineApp] Registering with controller at tcp://10.50.180.72:64053
2018-07-20 07:12:59.781 [IPEngineApp] CRITICAL | Registration timed out after 5.0 seconds
2018-07-20 07:12:59.784 [IPEngineApp] CRITICAL | Registration timed out after 5.0 seconds
2018-07-20 07:12:59.801 [IPEngineApp] CRITICAL | Registration timed out after 5.0 seconds
2018-07-20 07:12:59.804 [IPEngineApp] CRITICAL | Registration timed out after 5.0 seconds
2018-07-20 07:12:59.807 [IPEngineApp] CRITICAL | Registration timed out after 5.0 seconds
2018-07-20 07:12:59.810 [IPEngineApp] CRITICAL | Registration timed out after 5.0 seconds
2018-07-20 07:12:59.814 [IPEngineApp] CRITICAL | Registration timed out after 5.0 seconds
2018-07-20 07:12:59.820 [IPEngineApp] CRITICAL | Registration timed out after 5.0 seconds
2018-07-20 07:12:59.880 [IPEngineApp] CRITICAL | Registration timed out after 5.0 seconds
2018-07-20 07:12:59.881 [IPEngineApp] CRITICAL | Registration timed out after 5.0 seconds
2018-07-20 07:12:59.883 [IPEngineApp] CRITICAL | Registration timed out after 5.0 seconds
2018-07-20 07:12:59.884 [IPEngineApp] CRITICAL | Registration timed out after 5.0 seconds
2018-07-20 07:12:59.888 [IPEngineApp] CRITICAL | Registration timed out after 5.0 seconds
2018-07-20 07:12:59.889 [IPEngineApp] CRITICAL | Registration timed out after 5.0 seconds
2018-07-20 07:12:59.897 [IPEngineApp] CRITICAL | Registration timed out after 5.0 seconds
2018-07-20 07:13:00.694 [IPEngineApp] CRITICAL | Registration timed out after 5.0 seconds
2018-07-20 07:13:00.696 [IPEngineApp] CRITICAL | Registration timed out after 5.0 seconds
2018-07-20 07:13:00.697 [IPEngineApp] CRITICAL | Registration timed out after 5.0 seconds
2018-07-20 07:13:00.701 [IPEngineApp] CRITICAL | Registration timed out after 5.0 seconds
2018-07-20 07:13:00.702 [IPEngineApp] CRITICAL | Registration timed out after 5.0 seconds
2018-07-20 07:13:00.707 [IPEngineApp] CRITICAL | Registration timed out after 5.0 seconds
2018-07-20 07:13:00.710 [IPEngineApp] CRITICAL | Registration timed out after 5.0 seconds
2018-07-20 07:13:00.712 [IPEngineApp] CRITICAL | Registration timed out after 5.0 seconds
2018-07-20 07:13:00.713 [IPEngineApp] CRITICAL | Registration timed out after 5.0 seconds
2018-07-20 07:13:00.721 [IPEngineApp] CRITICAL | Registration timed out after 5.0 seconds
2018-07-20 07:13:00.721 [IPEngineApp] CRITICAL | Registration timed out after 5.0 seconds
2018-07-20 07:13:00.722 [IPEngineApp] CRITICAL | Registration timed out after 5.0 seconds
2018-07-20 07:13:00.722 [IPEngineApp] CRITICAL | Registration timed out after 5.0 seconds
2018-07-20 07:13:00.723 [IPEngineApp] CRITICAL | Registration timed out after 5.0 seconds
2018-07-20 07:13:00.728 [IPEngineApp] CRITICAL | Registration timed out after 5.0 seconds
2018-07-20 07:13:00.729 [IPEngineApp] CRITICAL | Registration timed out after 5.0 seconds
2018-07-20 07:13:00.730 [IPEngineApp] CRITICAL | Registration timed out after 5.0 seconds
2018-07-20 07:13:00.734 [IPEngineApp] CRITICAL | Registration timed out after 5.0 seconds
2018-07-20 07:13:00.739 [IPEngineApp] CRITICAL | Registration timed out after 5.0 seconds
2018-07-20 07:13:00.740 [IPEngineApp] CRITICAL | Registration timed out after 5.0 seconds
2018-07-20 07:13:00.745 [IPEngineApp] CRITICAL | Registration timed out after 5.0 seconds
2018-07-20 07:13:00.751 [IPEngineApp] CRITICAL | Registration timed out after 5.0 seconds
2018-07-20 07:13:00.752 [IPEngineApp] CRITICAL | Registration timed out after 5.0 seconds
2018-07-20 07:13:00.757 [IPEngineApp] CRITICAL | Registration timed out after 5.0 seconds
2018-07-20 07:13:00.757 [IPEngineApp] CRITICAL | Registration timed out after 5.0 seconds
2018-07-20 07:13:00.837 [IPEngineApp] CRITICAL | Registration timed out after 5.0 seconds
2018-07-20 07:13:00.850 [IPEngineApp] CRITICAL | Registration timed out after 5.0 seconds
2018-07-20 07:13:00.974 [IPEngineApp] CRITICAL | Registration timed out after 5.0 seconds
2018-07-20 07:13:00.979 [IPEngineApp] CRITICAL | Registration timed out after 5.0 seconds
2018-07-20 07:13:00.988 [IPEngineApp] CRITICAL | Registration timed out after 5.0 seconds
2018-07-20 07:13:01.031 [IPEngineApp] CRITICAL | Registration timed out after 5.0 seconds
2018-07-20 07:13:01.055 [IPEngineApp] CRITICAL | Registration timed out after 5.0 seconds
