2018-07-02 13:21:55.532 [IPEngineApp] Loading url_file 'ipengine.json'
2018-07-02 13:21:55.538 [IPEngineApp] Loading url_file 'ipengine.json'
2018-07-02 13:21:55.548 [IPEngineApp] Loading url_file 'ipengine.json'
2018-07-02 13:21:55.541 [IPEngineApp] Loading url_file 'ipengine.json'
2018-07-02 13:21:55.624 [IPEngineApp] Registering with controller at tcp://10.50.180.71:57732
2018-07-02 13:21:55.630 [IPEngineApp] Registering with controller at tcp://10.50.180.71:57732
2018-07-02 13:21:55.632 [IPEngineApp] Registering with controller at tcp://10.50.180.71:57732
2018-07-02 13:21:55.635 [IPEngineApp] Registering with controller at tcp://10.50.180.71:57732
2018-07-02 13:21:55.825 [IPEngineApp] Starting to monitor the heartbeat signal from the hub every 3010 ms.
2018-07-02 13:21:55.836 [IPEngineApp] Starting to monitor the heartbeat signal from the hub every 3010 ms.
2018-07-02 13:21:55.845 [IPEngineApp] Starting to monitor the heartbeat signal from the hub every 3010 ms.
2018-07-02 13:21:55.851 [IPEngineApp] Starting to monitor the heartbeat signal from the hub every 3010 ms.
2018-07-02 13:21:55.860 [IPEngineApp] Completed registration with id 0
2018-07-02 13:21:55.862 [IPEngineApp] Completed registration with id 2
2018-07-02 13:21:55.863 [IPEngineApp] Completed registration with id 1
2018-07-02 13:21:55.864 [IPEngineApp] Completed registration with id 3
