2018-07-02 16:42:33.521 [IPEngineApp] Loading url_file 'ipengine.json'
2018-07-02 16:42:33.529 [IPEngineApp] Loading url_file 'ipengine.json'
2018-07-02 16:42:33.536 [IPEngineApp] Loading url_file 'ipengine.json'
2018-07-02 16:42:33.540 [IPEngineApp] Loading url_file 'ipengine.json'
2018-07-02 16:42:33.532 [IPEngineApp] Loading url_file 'ipengine.json'
2018-07-02 16:42:33.525 [IPEngineApp] Loading url_file 'ipengine.json'
2018-07-02 16:42:33.774 [IPEngineApp] Loading url_file 'ipengine.json'
2018-07-02 16:42:33.776 [IPEngineApp] Loading url_file 'ipengine.json'
2018-07-02 16:42:33.778 [IPEngineApp] Loading url_file 'ipengine.json'
2018-07-02 16:42:33.781 [IPEngineApp] Loading url_file 'ipengine.json'
2018-07-02 16:42:33.783 [IPEngineApp] Loading url_file 'ipengine.json'
2018-07-02 16:42:33.796 [IPEngineApp] Loading url_file 'ipengine.json'
2018-07-02 16:42:33.807 [IPEngineApp] Loading url_file 'ipengine.json'
2018-07-02 16:42:33.809 [IPEngineApp] Loading url_file 'ipengine.json'
2018-07-02 16:42:33.677 [IPEngineApp] Loading url_file 'ipengine.json'
2018-07-02 16:42:33.812 [IPEngineApp] Loading url_file 'ipengine.json'
2018-07-02 16:42:33.814 [IPEngineApp] Loading url_file 'ipengine.json'
2018-07-02 16:42:33.816 [IPEngineApp] Loading url_file 'ipengine.json'
2018-07-02 16:42:33.818 [IPEngineApp] Loading url_file 'ipengine.json'
2018-07-02 16:42:33.820 [IPEngineApp] Loading url_file 'ipengine.json'
2018-07-02 16:42:33.822 [IPEngineApp] Loading url_file 'ipengine.json'
2018-07-02 16:42:33.824 [IPEngineApp] Loading url_file 'ipengine.json'
2018-07-02 16:42:33.834 [IPEngineApp] Loading url_file 'ipengine.json'
2018-07-02 16:42:33.835 [IPEngineApp] Loading url_file 'ipengine.json'
2018-07-02 16:42:33.836 [IPEngineApp] Loading url_file 'ipengine.json'
2018-07-02 16:42:33.838 [IPEngineApp] Loading url_file 'ipengine.json'
2018-07-02 16:42:33.841 [IPEngineApp] Loading url_file 'ipengine.json'
2018-07-02 16:42:33.843 [IPEngineApp] Loading url_file 'ipengine.json'
2018-07-02 16:42:33.845 [IPEngineApp] Loading url_file 'ipengine.json'
2018-07-02 16:42:33.847 [IPEngineApp] Loading url_file 'ipengine.json'
2018-07-02 16:42:33.848 [IPEngineApp] Loading url_file 'ipengine.json'
2018-07-02 16:42:33.850 [IPEngineApp] Loading url_file 'ipengine.json'
2018-07-02 16:42:33.852 [IPEngineApp] Loading url_file 'ipengine.json'
2018-07-02 16:42:33.861 [IPEngineApp] Loading url_file 'ipengine.json'
2018-07-02 16:42:33.862 [IPEngineApp] Loading url_file 'ipengine.json'
2018-07-02 16:42:33.865 [IPEngineApp] Loading url_file 'ipengine.json'
2018-07-02 16:42:33.866 [IPEngineApp] Loading url_file 'ipengine.json'
2018-07-02 16:42:33.868 [IPEngineApp] Loading url_file 'ipengine.json'
2018-07-02 16:42:33.870 [IPEngineApp] Loading url_file 'ipengine.json'
2018-07-02 16:42:33.875 [IPEngineApp] Loading url_file 'ipengine.json'
2018-07-02 16:42:33.880 [IPEngineApp] Loading url_file 'ipengine.json'
2018-07-02 16:42:33.901 [IPEngineApp] Loading url_file 'ipengine.json'
2018-07-02 16:42:33.913 [IPEngineApp] Loading url_file 'ipengine.json'
2018-07-02 16:42:33.999 [IPEngineApp] Loading url_file 'ipengine.json'
2018-07-02 16:42:34.067 [IPEngineApp] Loading url_file 'ipengine.json'
2018-07-02 16:42:34.109 [IPEngineApp] Loading url_file 'ipengine.json'
2018-07-02 16:42:34.156 [IPEngineApp] Loading url_file 'ipengine.json'
2018-07-02 16:42:34.645 [IPEngineApp] Registering with controller at tcp://10.50.180.71:56533
2018-07-02 16:42:34.648 [IPEngineApp] Registering with controller at tcp://10.50.180.71:56533
2018-07-02 16:42:34.651 [IPEngineApp] Registering with controller at tcp://10.50.180.71:56533
2018-07-02 16:42:34.657 [IPEngineApp] Registering with controller at tcp://10.50.180.71:56533
2018-07-02 16:42:34.660 [IPEngineApp] Registering with controller at tcp://10.50.180.71:56533
2018-07-02 16:42:34.678 [IPEngineApp] Loading url_file 'ipengine.json'
2018-07-02 16:42:34.732 [IPEngineApp] Registering with controller at tcp://10.50.180.71:56533
2018-07-02 16:42:34.803 [IPEngineApp] Registering with controller at tcp://10.50.180.71:56533
2018-07-02 16:42:34.807 [IPEngineApp] Registering with controller at tcp://10.50.180.71:56533
2018-07-02 16:42:34.814 [IPEngineApp] Registering with controller at tcp://10.50.180.71:56533
2018-07-02 16:42:34.817 [IPEngineApp] Registering with controller at tcp://10.50.180.71:56533
2018-07-02 16:42:34.819 [IPEngineApp] Registering with controller at tcp://10.50.180.71:56533
2018-07-02 16:42:34.824 [IPEngineApp] Registering with controller at tcp://10.50.180.71:56533
2018-07-02 16:42:34.827 [IPEngineApp] Registering with controller at tcp://10.50.180.71:56533
2018-07-02 16:42:34.830 [IPEngineApp] Registering with controller at tcp://10.50.180.71:56533
2018-07-02 16:42:34.833 [IPEngineApp] Registering with controller at tcp://10.50.180.71:56533
2018-07-02 16:42:34.835 [IPEngineApp] Registering with controller at tcp://10.50.180.71:56533
2018-07-02 16:42:34.838 [IPEngineApp] Registering with controller at tcp://10.50.180.71:56533
2018-07-02 16:42:34.841 [IPEngineApp] Registering with controller at tcp://10.50.180.71:56533
2018-07-02 16:42:34.845 [IPEngineApp] Registering with controller at tcp://10.50.180.71:56533
2018-07-02 16:42:34.847 [IPEngineApp] Registering with controller at tcp://10.50.180.71:56533
2018-07-02 16:42:34.850 [IPEngineApp] Registering with controller at tcp://10.50.180.71:56533
2018-07-02 16:42:34.853 [IPEngineApp] Registering with controller at tcp://10.50.180.71:56533
2018-07-02 16:42:34.856 [IPEngineApp] Registering with controller at tcp://10.50.180.71:56533
2018-07-02 16:42:34.866 [IPEngineApp] Registering with controller at tcp://10.50.180.71:56533
2018-07-02 16:42:34.868 [IPEngineApp] Registering with controller at tcp://10.50.180.71:56533
2018-07-02 16:42:34.871 [IPEngineApp] Registering with controller at tcp://10.50.180.71:56533
2018-07-02 16:42:34.874 [IPEngineApp] Registering with controller at tcp://10.50.180.71:56533
2018-07-02 16:42:34.877 [IPEngineApp] Registering with controller at tcp://10.50.180.71:56533
2018-07-02 16:42:34.879 [IPEngineApp] Registering with controller at tcp://10.50.180.71:56533
2018-07-02 16:42:34.882 [IPEngineApp] Registering with controller at tcp://10.50.180.71:56533
2018-07-02 16:42:34.884 [IPEngineApp] Registering with controller at tcp://10.50.180.71:56533
2018-07-02 16:42:34.892 [IPEngineApp] Registering with controller at tcp://10.50.180.71:56533
2018-07-02 16:42:34.894 [IPEngineApp] Registering with controller at tcp://10.50.180.71:56533
2018-07-02 16:42:34.897 [IPEngineApp] Registering with controller at tcp://10.50.180.71:56533
2018-07-02 16:42:34.900 [IPEngineApp] Registering with controller at tcp://10.50.180.71:56533
2018-07-02 16:42:34.903 [IPEngineApp] Registering with controller at tcp://10.50.180.71:56533
2018-07-02 16:42:34.906 [IPEngineApp] Registering with controller at tcp://10.50.180.71:56533
2018-07-02 16:42:34.908 [IPEngineApp] Registering with controller at tcp://10.50.180.71:56533
2018-07-02 16:42:34.911 [IPEngineApp] Registering with controller at tcp://10.50.180.71:56533
2018-07-02 16:42:34.914 [IPEngineApp] Registering with controller at tcp://10.50.180.71:56533
2018-07-02 16:42:34.921 [IPEngineApp] Registering with controller at tcp://10.50.180.71:56533
2018-07-02 16:42:34.923 [IPEngineApp] Registering with controller at tcp://10.50.180.71:56533
2018-07-02 16:42:34.930 [IPEngineApp] Registering with controller at tcp://10.50.180.71:56533
2018-07-02 16:42:34.934 [IPEngineApp] Registering with controller at tcp://10.50.180.71:56533
2018-07-02 16:42:37.741 [IPEngineApp] Registering with controller at tcp://10.50.180.71:56533
2018-07-02 16:42:37.744 [IPEngineApp] Registering with controller at tcp://10.50.180.71:56533
2018-07-02 16:42:37.753 [IPEngineApp] Registering with controller at tcp://10.50.180.71:56533
2018-07-02 16:42:37.766 [IPEngineApp] Registering with controller at tcp://10.50.180.71:56533
2018-07-02 16:42:37.778 [IPEngineApp] Loading url_file 'ipengine.json'
2018-07-02 16:42:37.806 [IPEngineApp] Registering with controller at tcp://10.50.180.71:56533
2018-07-02 16:42:37.865 [IPEngineApp] Loading url_file 'ipengine.json'
