2018-06-28 17:50:00.145 [IPEngineApp] Loading url_file 'ipengine.json'
2018-06-28 17:50:00.160 [IPEngineApp] Loading url_file 'ipengine.json'
2018-06-28 17:50:00.169 [IPEngineApp] Loading url_file 'ipengine.json'
2018-06-28 17:50:00.196 [IPEngineApp] Loading url_file 'ipengine.json'
2018-06-28 17:50:00.223 [IPEngineApp] Registering with controller at tcp://10.50.180.71:47875
2018-06-28 17:50:00.238 [IPEngineApp] Registering with controller at tcp://10.50.180.71:47875
2018-06-28 17:50:00.260 [IPEngineApp] Registering with controller at tcp://10.50.180.71:47875
2018-06-28 17:50:00.265 [IPEngineApp] Registering with controller at tcp://10.50.180.71:47875
2018-06-28 17:50:00.449 [IPEngineApp] Starting to monitor the heartbeat signal from the hub every 3010 ms.
2018-06-28 17:50:00.456 [IPEngineApp] Starting to monitor the heartbeat signal from the hub every 3010 ms.
2018-06-28 17:50:00.476 [IPEngineApp] Starting to monitor the heartbeat signal from the hub every 3010 ms.
2018-06-28 17:50:00.481 [IPEngineApp] Completed registration with id 24
2018-06-28 17:50:00.482 [IPEngineApp] Completed registration with id 25
2018-06-28 17:50:00.469 [IPEngineApp] Starting to monitor the heartbeat signal from the hub every 3010 ms.
2018-06-28 17:50:00.491 [IPEngineApp] Completed registration with id 27
2018-06-28 17:50:00.491 [IPEngineApp] Completed registration with id 26
