2018-07-13 15:34:38.665 [IPEngineApp] Loading url_file 'ipengine.json'
2018-07-13 15:34:38.684 [IPEngineApp] Loading url_file 'ipengine.json'
2018-07-13 15:34:38.682 [IPEngineApp] Loading url_file 'ipengine.json'
2018-07-13 15:34:38.679 [IPEngineApp] Loading url_file 'ipengine.json'
2018-07-13 15:34:38.782 [IPEngineApp] Registering with controller at tcp://10.50.180.72:61494
2018-07-13 15:34:38.788 [IPEngineApp] Registering with controller at tcp://10.50.180.72:61494
2018-07-13 15:34:38.791 [IPEngineApp] Registering with controller at tcp://10.50.180.72:61494
2018-07-13 15:34:38.794 [IPEngineApp] Registering with controller at tcp://10.50.180.72:61494
2018-07-13 15:34:39.002 [IPEngineApp] Starting to monitor the heartbeat signal from the hub every 3010 ms.
2018-07-13 15:34:39.018 [IPEngineApp] Starting to monitor the heartbeat signal from the hub every 3010 ms.
2018-07-13 15:34:39.032 [IPEngineApp] Starting to monitor the heartbeat signal from the hub every 3010 ms.
2018-07-13 15:34:39.044 [IPEngineApp] Starting to monitor the heartbeat signal from the hub every 3010 ms.
2018-07-13 15:34:39.054 [IPEngineApp] Completed registration with id 5
2018-07-13 15:34:39.056 [IPEngineApp] Completed registration with id 6
2018-07-13 15:34:39.057 [IPEngineApp] Completed registration with id 4
2018-07-13 15:34:39.059 [IPEngineApp] Completed registration with id 7
