2018-07-23 11:01:55.488 [IPEngineApp] Loading url_file 'ipengine.json'
2018-07-23 11:01:55.774 [IPEngineApp] Loading url_file 'ipengine.json'
2018-07-23 11:01:55.844 [IPEngineApp] Loading url_file 'ipengine.json'
2018-07-23 11:01:55.865 [IPEngineApp] Loading url_file 'ipengine.json'
2018-07-23 11:01:55.878 [IPEngineApp] Loading url_file 'ipengine.json'
2018-07-23 11:01:55.880 [IPEngineApp] Loading url_file 'ipengine.json'
2018-07-23 11:01:55.978 [IPEngineApp] Loading url_file 'ipengine.json'
2018-07-23 11:01:56.008 [IPEngineApp] Loading url_file 'ipengine.json'
2018-07-23 11:01:56.021 [IPEngineApp] Loading url_file 'ipengine.json'
2018-07-23 11:01:56.033 [IPEngineApp] Loading url_file 'ipengine.json'
2018-07-23 11:01:56.041 [IPEngineApp] Loading url_file 'ipengine.json'
2018-07-23 11:01:56.060 [IPEngineApp] Loading url_file 'ipengine.json'
2018-07-23 11:01:56.070 [IPEngineApp] Loading url_file 'ipengine.json'
2018-07-23 11:01:56.137 [IPEngineApp] Loading url_file 'ipengine.json'
2018-07-23 11:01:56.160 [IPEngineApp] Loading url_file 'ipengine.json'
2018-07-23 11:01:56.166 [IPEngineApp] Loading url_file 'ipengine.json'
2018-07-23 11:01:56.175 [IPEngineApp] Loading url_file 'ipengine.json'
2018-07-23 11:01:56.177 [IPEngineApp] Loading url_file 'ipengine.json'
2018-07-23 11:01:56.180 [IPEngineApp] Loading url_file 'ipengine.json'
2018-07-23 11:01:56.188 [IPEngineApp] Loading url_file 'ipengine.json'
2018-07-23 11:01:56.212 [IPEngineApp] Loading url_file 'ipengine.json'
2018-07-23 11:01:56.259 [IPEngineApp] Loading url_file 'ipengine.json'
2018-07-23 11:01:56.266 [IPEngineApp] Loading url_file 'ipengine.json'
2018-07-23 11:01:56.338 [IPEngineApp] Loading url_file 'ipengine.json'
2018-07-23 11:01:56.342 [IPEngineApp] Loading url_file 'ipengine.json'
2018-07-23 11:01:56.346 [IPEngineApp] Loading url_file 'ipengine.json'
2018-07-23 11:01:59.003 [IPEngineApp] Loading url_file 'ipengine.json'
2018-07-23 11:01:59.093 [IPEngineApp] Registering with controller at tcp://10.50.180.72:42999
2018-07-23 11:01:59.125 [IPEngineApp] Loading url_file 'ipengine.json'
2018-07-23 11:01:59.128 [IPEngineApp] Loading url_file 'ipengine.json'
2018-07-23 11:01:59.149 [IPEngineApp] Loading url_file 'ipengine.json'
2018-07-23 11:01:58.957 [IPEngineApp] Loading url_file 'ipengine.json'
2018-07-23 11:01:59.167 [IPEngineApp] Loading url_file 'ipengine.json'
2018-07-23 11:01:59.172 [IPEngineApp] Loading url_file 'ipengine.json'
2018-07-23 11:01:59.183 [IPEngineApp] Loading url_file 'ipengine.json'
2018-07-23 11:01:59.199 [IPEngineApp] Loading url_file 'ipengine.json'
2018-07-23 11:01:59.227 [IPEngineApp] Loading url_file 'ipengine.json'
2018-07-23 11:01:59.299 [IPEngineApp] Loading url_file 'ipengine.json'
2018-07-23 11:01:59.319 [IPEngineApp] Loading url_file 'ipengine.json'
2018-07-23 11:01:59.352 [IPEngineApp] Registering with controller at tcp://10.50.180.72:42999
2018-07-23 11:01:59.384 [IPEngineApp] Registering with controller at tcp://10.50.180.72:42999
2018-07-23 11:01:59.410 [IPEngineApp] Loading url_file 'ipengine.json'
2018-07-23 11:01:59.518 [IPEngineApp] Registering with controller at tcp://10.50.180.72:42999
2018-07-23 11:01:59.533 [IPEngineApp] Registering with controller at tcp://10.50.180.72:42999
2018-07-23 11:01:59.536 [IPEngineApp] Registering with controller at tcp://10.50.180.72:42999
2018-07-23 11:01:59.554 [IPEngineApp] Registering with controller at tcp://10.50.180.72:42999
2018-07-23 11:01:59.557 [IPEngineApp] Registering with controller at tcp://10.50.180.72:42999
2018-07-23 11:01:59.560 [IPEngineApp] Registering with controller at tcp://10.50.180.72:42999
2018-07-23 11:01:59.569 [IPEngineApp] Registering with controller at tcp://10.50.180.72:42999
2018-07-23 11:01:59.577 [IPEngineApp] Registering with controller at tcp://10.50.180.72:42999
2018-07-23 11:01:59.580 [IPEngineApp] Registering with controller at tcp://10.50.180.72:42999
2018-07-23 11:01:59.644 [IPEngineApp] Loading url_file 'ipengine.json'
2018-07-23 11:01:59.668 [IPEngineApp] Registering with controller at tcp://10.50.180.72:42999
2018-07-23 11:01:59.669 [IPEngineApp] Registering with controller at tcp://10.50.180.72:42999
2018-07-23 11:01:59.670 [IPEngineApp] Registering with controller at tcp://10.50.180.72:42999
2018-07-23 11:01:59.684 [IPEngineApp] Registering with controller at tcp://10.50.180.72:42999
2018-07-23 11:01:59.711 [IPEngineApp] Registering with controller at tcp://10.50.180.72:42999
2018-07-23 11:01:59.719 [IPEngineApp] Registering with controller at tcp://10.50.180.72:42999
2018-07-23 11:01:59.765 [IPEngineApp] Registering with controller at tcp://10.50.180.72:42999
2018-07-23 11:01:59.778 [IPEngineApp] Registering with controller at tcp://10.50.180.72:42999
2018-07-23 11:01:59.782 [IPEngineApp] Registering with controller at tcp://10.50.180.72:42999
2018-07-23 11:01:59.801 [IPEngineApp] Loading url_file 'ipengine.json'
2018-07-23 11:01:59.818 [IPEngineApp] Loading url_file 'ipengine.json'
2018-07-23 11:01:59.821 [IPEngineApp] Registering with controller at tcp://10.50.180.72:42999
2018-07-23 11:01:59.829 [IPEngineApp] Registering with controller at tcp://10.50.180.72:42999
2018-07-23 11:01:59.836 [IPEngineApp] Registering with controller at tcp://10.50.180.72:42999
2018-07-23 11:01:59.866 [IPEngineApp] Registering with controller at tcp://10.50.180.72:42999
2018-07-23 11:01:59.874 [IPEngineApp] Registering with controller at tcp://10.50.180.72:42999
2018-07-23 11:01:59.877 [IPEngineApp] Registering with controller at tcp://10.50.180.72:42999
2018-07-23 11:01:59.891 [IPEngineApp] Registering with controller at tcp://10.50.180.72:42999
2018-07-23 11:01:59.894 [IPEngineApp] Registering with controller at tcp://10.50.180.72:42999
2018-07-23 11:01:59.901 [IPEngineApp] Registering with controller at tcp://10.50.180.72:42999
2018-07-23 11:01:59.904 [IPEngineApp] Registering with controller at tcp://10.50.180.72:42999
2018-07-23 11:01:59.910 [IPEngineApp] Registering with controller at tcp://10.50.180.72:42999
2018-07-23 11:01:59.915 [IPEngineApp] Registering with controller at tcp://10.50.180.72:42999
2018-07-23 11:01:59.918 [IPEngineApp] Registering with controller at tcp://10.50.180.72:42999
2018-07-23 11:01:59.929 [IPEngineApp] Registering with controller at tcp://10.50.180.72:42999
2018-07-23 11:01:59.934 [IPEngineApp] Loading url_file 'ipengine.json'
2018-07-23 11:01:59.944 [IPEngineApp] Registering with controller at tcp://10.50.180.72:42999
2018-07-23 11:01:59.947 [IPEngineApp] Registering with controller at tcp://10.50.180.72:42999
2018-07-23 11:01:59.976 [IPEngineApp] Registering with controller at tcp://10.50.180.72:42999
2018-07-23 11:02:00.008 [IPEngineApp] Registering with controller at tcp://10.50.180.72:42999
2018-07-23 11:02:00.020 [IPEngineApp] Registering with controller at tcp://10.50.180.72:42999
2018-07-23 11:02:00.023 [IPEngineApp] Registering with controller at tcp://10.50.180.72:42999
2018-07-23 11:02:00.039 [IPEngineApp] Registering with controller at tcp://10.50.180.72:42999
2018-07-23 11:02:00.057 [IPEngineApp] Loading url_file 'ipengine.json'
2018-07-23 11:02:00.115 [IPEngineApp] Registering with controller at tcp://10.50.180.72:42999
2018-07-23 11:02:00.121 [IPEngineApp] Registering with controller at tcp://10.50.180.72:42999
2018-07-23 11:02:00.244 [IPEngineApp] Loading url_file 'ipengine.json'
