2018-07-19 07:52:13.856 [IPEngineApp] Loading url_file 'ipengine.json'
2018-07-19 07:52:13.860 [IPEngineApp] Loading url_file 'ipengine.json'
2018-07-19 07:52:13.873 [IPEngineApp] Loading url_file 'ipengine.json'
2018-07-19 07:52:13.877 [IPEngineApp] Loading url_file 'ipengine.json'
2018-07-19 07:52:13.901 [IPEngineApp] Loading url_file 'ipengine.json'
2018-07-19 07:52:13.881 [IPEngineApp] Loading url_file 'ipengine.json'
2018-07-19 07:52:13.908 [IPEngineApp] Loading url_file 'ipengine.json'
2018-07-19 07:52:13.889 [IPEngineApp] Loading url_file 'ipengine.json'
2018-07-19 07:52:13.932 [IPEngineApp] Loading url_file 'ipengine.json'
2018-07-19 07:52:13.897 [IPEngineApp] Loading url_file 'ipengine.json'
2018-07-19 07:52:13.885 [IPEngineApp] Loading url_file 'ipengine.json'
2018-07-19 07:52:13.865 [IPEngineApp] Loading url_file 'ipengine.json'
2018-07-19 07:52:13.951 [IPEngineApp] Loading url_file 'ipengine.json'
2018-07-19 07:52:13.948 [IPEngineApp] Loading url_file 'ipengine.json'
2018-07-19 07:52:13.940 [IPEngineApp] Loading url_file 'ipengine.json'
2018-07-19 07:52:13.916 [IPEngineApp] Loading url_file 'ipengine.json'
2018-07-19 07:52:13.924 [IPEngineApp] Loading url_file 'ipengine.json'
2018-07-19 07:52:13.912 [IPEngineApp] Loading url_file 'ipengine.json'
2018-07-19 07:52:13.893 [IPEngineApp] Loading url_file 'ipengine.json'
2018-07-19 07:52:13.975 [IPEngineApp] Loading url_file 'ipengine.json'
2018-07-19 07:52:13.928 [IPEngineApp] Loading url_file 'ipengine.json'
2018-07-19 07:52:13.869 [IPEngineApp] Loading url_file 'ipengine.json'
2018-07-19 07:52:13.959 [IPEngineApp] Loading url_file 'ipengine.json'
2018-07-19 07:52:13.920 [IPEngineApp] Loading url_file 'ipengine.json'
2018-07-19 07:52:13.978 [IPEngineApp] Loading url_file 'ipengine.json'
2018-07-19 07:52:13.971 [IPEngineApp] Loading url_file 'ipengine.json'
2018-07-19 07:52:13.904 [IPEngineApp] Loading url_file 'ipengine.json'
2018-07-19 07:52:13.955 [IPEngineApp] Loading url_file 'ipengine.json'
2018-07-19 07:52:13.963 [IPEngineApp] Loading url_file 'ipengine.json'
2018-07-19 07:52:13.967 [IPEngineApp] Loading url_file 'ipengine.json'
2018-07-19 07:52:13.936 [IPEngineApp] Loading url_file 'ipengine.json'
2018-07-19 07:52:13.944 [IPEngineApp] Loading url_file 'ipengine.json'
2018-07-19 07:52:14.685 [IPEngineApp] Registering with controller at tcp://10.50.180.71:46247
2018-07-19 07:52:14.688 [IPEngineApp] Registering with controller at tcp://10.50.180.71:46247
2018-07-19 07:52:14.691 [IPEngineApp] Registering with controller at tcp://10.50.180.71:46247
2018-07-19 07:52:14.694 [IPEngineApp] Registering with controller at tcp://10.50.180.71:46247
2018-07-19 07:52:14.697 [IPEngineApp] Registering with controller at tcp://10.50.180.71:46247
2018-07-19 07:52:14.700 [IPEngineApp] Registering with controller at tcp://10.50.180.71:46247
2018-07-19 07:52:14.703 [IPEngineApp] Registering with controller at tcp://10.50.180.71:46247
2018-07-19 07:52:14.706 [IPEngineApp] Registering with controller at tcp://10.50.180.71:46247
2018-07-19 07:52:14.710 [IPEngineApp] Registering with controller at tcp://10.50.180.71:46247
2018-07-19 07:52:14.713 [IPEngineApp] Registering with controller at tcp://10.50.180.71:46247
2018-07-19 07:52:14.717 [IPEngineApp] Registering with controller at tcp://10.50.180.71:46247
2018-07-19 07:52:14.720 [IPEngineApp] Registering with controller at tcp://10.50.180.71:46247
2018-07-19 07:52:14.724 [IPEngineApp] Registering with controller at tcp://10.50.180.71:46247
2018-07-19 07:52:14.727 [IPEngineApp] Registering with controller at tcp://10.50.180.71:46247
2018-07-19 07:52:14.730 [IPEngineApp] Registering with controller at tcp://10.50.180.71:46247
2018-07-19 07:52:14.733 [IPEngineApp] Registering with controller at tcp://10.50.180.71:46247
2018-07-19 07:52:14.736 [IPEngineApp] Registering with controller at tcp://10.50.180.71:46247
2018-07-19 07:52:14.739 [IPEngineApp] Registering with controller at tcp://10.50.180.71:46247
2018-07-19 07:52:14.742 [IPEngineApp] Registering with controller at tcp://10.50.180.71:46247
2018-07-19 07:52:14.743 [IPEngineApp] Registering with controller at tcp://10.50.180.71:46247
2018-07-19 07:52:14.745 [IPEngineApp] Registering with controller at tcp://10.50.180.71:46247
2018-07-19 07:52:14.746 [IPEngineApp] Registering with controller at tcp://10.50.180.71:46247
2018-07-19 07:52:14.748 [IPEngineApp] Registering with controller at tcp://10.50.180.71:46247
2018-07-19 07:52:14.749 [IPEngineApp] Registering with controller at tcp://10.50.180.71:46247
2018-07-19 07:52:14.751 [IPEngineApp] Registering with controller at tcp://10.50.180.71:46247
2018-07-19 07:52:14.773 [IPEngineApp] Registering with controller at tcp://10.50.180.71:46247
2018-07-19 07:52:14.753 [IPEngineApp] Registering with controller at tcp://10.50.180.71:46247
2018-07-19 07:52:14.754 [IPEngineApp] Registering with controller at tcp://10.50.180.71:46247
2018-07-19 07:52:14.756 [IPEngineApp] Registering with controller at tcp://10.50.180.71:46247
2018-07-19 07:52:14.757 [IPEngineApp] Registering with controller at tcp://10.50.180.71:46247
2018-07-19 07:52:14.759 [IPEngineApp] Registering with controller at tcp://10.50.180.71:46247
2018-07-19 07:52:14.760 [IPEngineApp] Registering with controller at tcp://10.50.180.71:46247
2018-07-19 07:52:16.468 [IPEngineApp] Starting to monitor the heartbeat signal from the hub every 3010 ms.
2018-07-19 07:52:16.473 [IPEngineApp] Starting to monitor the heartbeat signal from the hub every 3010 ms.
2018-07-19 07:52:16.478 [IPEngineApp] Starting to monitor the heartbeat signal from the hub every 3010 ms.
2018-07-19 07:52:16.483 [IPEngineApp] Starting to monitor the heartbeat signal from the hub every 3010 ms.
2018-07-19 07:52:16.487 [IPEngineApp] Starting to monitor the heartbeat signal from the hub every 3010 ms.
2018-07-19 07:52:16.492 [IPEngineApp] Starting to monitor the heartbeat signal from the hub every 3010 ms.
2018-07-19 07:52:16.498 [IPEngineApp] Starting to monitor the heartbeat signal from the hub every 3010 ms.
2018-07-19 07:52:16.502 [IPEngineApp] Starting to monitor the heartbeat signal from the hub every 3010 ms.
2018-07-19 07:52:16.508 [IPEngineApp] Starting to monitor the heartbeat signal from the hub every 3010 ms.
2018-07-19 07:52:16.352 [IPEngineApp] Starting to monitor the heartbeat signal from the hub every 3010 ms.
2018-07-19 07:52:16.362 [IPEngineApp] Starting to monitor the heartbeat signal from the hub every 3010 ms.
2018-07-19 07:52:16.521 [IPEngineApp] Starting to monitor the heartbeat signal from the hub every 3010 ms.
2018-07-19 07:52:16.526 [IPEngineApp] Starting to monitor the heartbeat signal from the hub every 3010 ms.
2018-07-19 07:52:16.530 [IPEngineApp] Starting to monitor the heartbeat signal from the hub every 3010 ms.
2018-07-19 07:52:16.535 [IPEngineApp] Starting to monitor the heartbeat signal from the hub every 3010 ms.
2018-07-19 07:52:16.541 [IPEngineApp] Starting to monitor the heartbeat signal from the hub every 3010 ms.
2018-07-19 07:52:16.546 [IPEngineApp] Starting to monitor the heartbeat signal from the hub every 3010 ms.
2018-07-19 07:52:16.550 [IPEngineApp] Starting to monitor the heartbeat signal from the hub every 3010 ms.
2018-07-19 07:52:16.555 [IPEngineApp] Starting to monitor the heartbeat signal from the hub every 3010 ms.
2018-07-19 07:52:16.560 [IPEngineApp] Starting to monitor the heartbeat signal from the hub every 3010 ms.
2018-07-19 07:52:16.566 [IPEngineApp] Starting to monitor the heartbeat signal from the hub every 3010 ms.
2018-07-19 07:52:16.570 [IPEngineApp] Starting to monitor the heartbeat signal from the hub every 3010 ms.
2018-07-19 07:52:16.576 [IPEngineApp] Starting to monitor the heartbeat signal from the hub every 3010 ms.
2018-07-19 07:52:16.580 [IPEngineApp] Starting to monitor the heartbeat signal from the hub every 3010 ms.
2018-07-19 07:52:16.585 [IPEngineApp] Starting to monitor the heartbeat signal from the hub every 3010 ms.
2018-07-19 07:52:16.590 [IPEngineApp] Starting to monitor the heartbeat signal from the hub every 3010 ms.
2018-07-19 07:52:16.596 [IPEngineApp] Starting to monitor the heartbeat signal from the hub every 3010 ms.
2018-07-19 07:52:16.600 [IPEngineApp] Starting to monitor the heartbeat signal from the hub every 3010 ms.
2018-07-19 07:52:16.605 [IPEngineApp] Starting to monitor the heartbeat signal from the hub every 3010 ms.
2018-07-19 07:52:16.610 [IPEngineApp] Starting to monitor the heartbeat signal from the hub every 3010 ms.
2018-07-19 07:52:16.616 [IPEngineApp] Starting to monitor the heartbeat signal from the hub every 3010 ms.
2018-07-19 07:52:16.620 [IPEngineApp] Starting to monitor the heartbeat signal from the hub every 3010 ms.
2018-07-19 07:52:16.636 [IPEngineApp] Completed registration with id 172
2018-07-19 07:52:16.638 [IPEngineApp] Completed registration with id 165
2018-07-19 07:52:16.641 [IPEngineApp] Completed registration with id 160
2018-07-19 07:52:16.643 [IPEngineApp] Completed registration with id 173
2018-07-19 07:52:16.644 [IPEngineApp] Completed registration with id 164
2018-07-19 07:52:16.648 [IPEngineApp] Completed registration with id 170
2018-07-19 07:52:16.651 [IPEngineApp] Completed registration with id 163
2018-07-19 07:52:16.653 [IPEngineApp] Completed registration with id 177
2018-07-19 07:52:16.655 [IPEngineApp] Completed registration with id 167
2018-07-19 07:52:16.657 [IPEngineApp] Completed registration with id 161
2018-07-19 07:52:16.660 [IPEngineApp] Completed registration with id 182
2018-07-19 07:52:16.662 [IPEngineApp] Completed registration with id 179
2018-07-19 07:52:16.664 [IPEngineApp] Completed registration with id 169
2018-07-19 07:52:16.665 [IPEngineApp] Completed registration with id 184
2018-07-19 07:52:16.669 [IPEngineApp] Completed registration with id 168
2018-07-19 07:52:16.671 [IPEngineApp] Completed registration with id 174
2018-07-19 07:52:16.672 [IPEngineApp] Completed registration with id 185
2018-07-19 07:52:16.674 [IPEngineApp] Completed registration with id 175
2018-07-19 07:52:16.676 [IPEngineApp] Completed registration with id 188
2018-07-19 07:52:16.677 [IPEngineApp] Completed registration with id 166
2018-07-19 07:52:16.679 [IPEngineApp] Completed registration with id 181
2018-07-19 07:52:16.680 [IPEngineApp] Completed registration with id 171
2018-07-19 07:52:16.682 [IPEngineApp] Completed registration with id 176
2018-07-19 07:52:16.684 [IPEngineApp] Completed registration with id 190
2018-07-19 07:52:16.685 [IPEngineApp] Completed registration with id 183
2018-07-19 07:52:16.687 [IPEngineApp] Completed registration with id 178
2018-07-19 07:52:16.688 [IPEngineApp] Completed registration with id 162
2018-07-19 07:52:16.690 [IPEngineApp] Completed registration with id 187
2018-07-19 07:52:16.692 [IPEngineApp] Completed registration with id 180
2018-07-19 07:52:16.695 [IPEngineApp] Completed registration with id 189
2018-07-19 07:52:16.695 [IPEngineApp] Completed registration with id 191
2018-07-19 07:52:16.697 [IPEngineApp] Completed registration with id 186
