2018-06-28 14:24:33.855 [IPEngineApp] Loading url_file 'ipengine.json'
2018-06-28 14:24:33.869 [IPEngineApp] Loading url_file 'ipengine.json'
2018-06-28 14:24:33.863 [IPEngineApp] Loading url_file 'ipengine.json'
2018-06-28 14:24:33.876 [IPEngineApp] Loading url_file 'ipengine.json'
2018-06-28 14:24:33.943 [IPEngineApp] Registering with controller at tcp://10.50.180.71:56376
2018-06-28 14:24:33.958 [IPEngineApp] Registering with controller at tcp://10.50.180.71:56376
2018-06-28 14:24:33.961 [IPEngineApp] Registering with controller at tcp://10.50.180.71:56376
2018-06-28 14:24:33.963 [IPEngineApp] Registering with controller at tcp://10.50.180.71:56376
2018-06-28 14:24:34.152 [IPEngineApp] Starting to monitor the heartbeat signal from the hub every 3010 ms.
2018-06-28 14:24:34.161 [IPEngineApp] Starting to monitor the heartbeat signal from the hub every 3010 ms.
2018-06-28 14:24:34.169 [IPEngineApp] Starting to monitor the heartbeat signal from the hub every 3010 ms.
2018-06-28 14:24:34.176 [IPEngineApp] Starting to monitor the heartbeat signal from the hub every 3010 ms.
2018-06-28 14:24:34.185 [IPEngineApp] Completed registration with id 33
2018-06-28 14:24:34.187 [IPEngineApp] Completed registration with id 34
2018-06-28 14:24:34.187 [IPEngineApp] Completed registration with id 32
2018-06-28 14:24:34.189 [IPEngineApp] Completed registration with id 35
