2018-06-28 14:22:31.304 [IPEngineApp] Loading url_file 'ipengine.json'
2018-06-28 14:22:31.312 [IPEngineApp] Loading url_file 'ipengine.json'
2018-06-28 14:22:31.318 [IPEngineApp] Loading url_file 'ipengine.json'
2018-06-28 14:22:31.324 [IPEngineApp] Loading url_file 'ipengine.json'
2018-06-28 14:22:31.429 [IPEngineApp] Registering with controller at tcp://10.50.180.71:35369
2018-06-28 14:22:31.432 [IPEngineApp] Registering with controller at tcp://10.50.180.71:35369
2018-06-28 14:22:31.433 [IPEngineApp] Registering with controller at tcp://10.50.180.71:35369
2018-06-28 14:22:31.436 [IPEngineApp] Registering with controller at tcp://10.50.180.71:35369
2018-06-28 14:22:31.636 [IPEngineApp] Starting to monitor the heartbeat signal from the hub every 3010 ms.
2018-06-28 14:22:31.641 [IPEngineApp] Starting to monitor the heartbeat signal from the hub every 3010 ms.
2018-06-28 14:22:31.649 [IPEngineApp] Starting to monitor the heartbeat signal from the hub every 3010 ms.
2018-06-28 14:22:31.653 [IPEngineApp] Starting to monitor the heartbeat signal from the hub every 3010 ms.
2018-06-28 14:22:31.659 [IPEngineApp] Completed registration with id 6
2018-06-28 14:22:31.664 [IPEngineApp] Completed registration with id 7
2018-06-28 14:22:31.665 [IPEngineApp] Completed registration with id 8
2018-06-28 14:22:31.666 [IPEngineApp] Completed registration with id 5
