2018-07-24 10:41:16.438 [IPEngineApp] Loading url_file 'ipengine.json'
2018-07-24 10:41:16.486 [IPEngineApp] Loading url_file 'ipengine.json'
2018-07-24 10:41:16.536 [IPEngineApp] Loading url_file 'ipengine.json'
2018-07-24 10:41:16.450 [IPEngineApp] Loading url_file 'ipengine.json'
2018-07-24 10:41:16.553 [IPEngineApp] Loading url_file 'ipengine.json'
2018-07-24 10:41:16.458 [IPEngineApp] Loading url_file 'ipengine.json'
2018-07-24 10:41:16.474 [IPEngineApp] Loading url_file 'ipengine.json'
2018-07-24 10:41:16.554 [IPEngineApp] Loading url_file 'ipengine.json'
2018-07-24 10:41:16.555 [IPEngineApp] Loading url_file 'ipengine.json'
2018-07-24 10:41:16.466 [IPEngineApp] Loading url_file 'ipengine.json'
2018-07-24 10:41:16.478 [IPEngineApp] Loading url_file 'ipengine.json'
2018-07-24 10:41:16.470 [IPEngineApp] Loading url_file 'ipengine.json'
2018-07-24 10:41:16.543 [IPEngineApp] Loading url_file 'ipengine.json'
2018-07-24 10:41:16.558 [IPEngineApp] Loading url_file 'ipengine.json'
2018-07-24 10:41:16.490 [IPEngineApp] Loading url_file 'ipengine.json'
2018-07-24 10:41:16.547 [IPEngineApp] Loading url_file 'ipengine.json'
2018-07-24 10:41:16.494 [IPEngineApp] Loading url_file 'ipengine.json'
2018-07-24 10:41:16.498 [IPEngineApp] Loading url_file 'ipengine.json'
2018-07-24 10:41:16.560 [IPEngineApp] Loading url_file 'ipengine.json'
2018-07-24 10:41:16.518 [IPEngineApp] Loading url_file 'ipengine.json'
2018-07-24 10:41:16.579 [IPEngineApp] Loading url_file 'ipengine.json'
2018-07-24 10:41:16.506 [IPEngineApp] Loading url_file 'ipengine.json'
2018-07-24 10:41:16.563 [IPEngineApp] Loading url_file 'ipengine.json'
2018-07-24 10:41:16.588 [IPEngineApp] Loading url_file 'ipengine.json'
2018-07-24 10:41:16.564 [IPEngineApp] Loading url_file 'ipengine.json'
2018-07-24 10:41:16.592 [IPEngineApp] Loading url_file 'ipengine.json'
2018-07-24 10:41:16.514 [IPEngineApp] Loading url_file 'ipengine.json'
2018-07-24 10:41:16.525 [IPEngineApp] Loading url_file 'ipengine.json'
2018-07-24 10:41:16.529 [IPEngineApp] Loading url_file 'ipengine.json'
2018-07-24 10:41:16.600 [IPEngineApp] Loading url_file 'ipengine.json'
2018-07-24 10:41:16.611 [IPEngineApp] Loading url_file 'ipengine.json'
2018-07-24 10:41:16.753 [IPEngineApp] Loading url_file 'ipengine.json'
2018-07-24 10:41:16.828 [IPEngineApp] Registering with controller at tcp://10.50.180.72:34501
2018-07-24 10:41:16.830 [IPEngineApp] Registering with controller at tcp://10.50.180.72:34501
2018-07-24 10:41:16.831 [IPEngineApp] Registering with controller at tcp://10.50.180.72:34501
2018-07-24 10:41:16.857 [IPEngineApp] Registering with controller at tcp://10.50.180.72:34501
2018-07-24 10:41:16.867 [IPEngineApp] Registering with controller at tcp://10.50.180.72:34501
2018-07-24 10:41:16.884 [IPEngineApp] Registering with controller at tcp://10.50.180.72:34501
2018-07-24 10:41:16.894 [IPEngineApp] Registering with controller at tcp://10.50.180.72:34501
2018-07-24 10:41:16.911 [IPEngineApp] Registering with controller at tcp://10.50.180.72:34501
2018-07-24 10:41:16.921 [IPEngineApp] Registering with controller at tcp://10.50.180.72:34501
2018-07-24 10:41:16.937 [IPEngineApp] Registering with controller at tcp://10.50.180.72:34501
2018-07-24 10:41:16.948 [IPEngineApp] Registering with controller at tcp://10.50.180.72:34501
2018-07-24 10:41:16.964 [IPEngineApp] Registering with controller at tcp://10.50.180.72:34501
2018-07-24 10:41:16.974 [IPEngineApp] Registering with controller at tcp://10.50.180.72:34501
2018-07-24 10:41:16.991 [IPEngineApp] Registering with controller at tcp://10.50.180.72:34501
2018-07-24 10:41:17.001 [IPEngineApp] Registering with controller at tcp://10.50.180.72:34501
2018-07-24 10:41:17.017 [IPEngineApp] Registering with controller at tcp://10.50.180.72:34501
2018-07-24 10:41:17.019 [IPEngineApp] Registering with controller at tcp://10.50.180.72:34501
2018-07-24 10:41:17.107 [IPEngineApp] Registering with controller at tcp://10.50.180.72:34501
2018-07-24 10:41:17.108 [IPEngineApp] Registering with controller at tcp://10.50.180.72:34501
2018-07-24 10:41:17.139 [IPEngineApp] Registering with controller at tcp://10.50.180.72:34501
2018-07-24 10:41:17.145 [IPEngineApp] Registering with controller at tcp://10.50.180.72:34501
2018-07-24 10:41:17.147 [IPEngineApp] Registering with controller at tcp://10.50.180.72:34501
2018-07-24 10:41:17.174 [IPEngineApp] Registering with controller at tcp://10.50.180.72:34501
2018-07-24 10:41:17.109 [IPEngineApp] Registering with controller at tcp://10.50.180.72:34501
2018-07-24 10:41:17.178 [IPEngineApp] Registering with controller at tcp://10.50.180.72:34501
2018-07-24 10:41:17.181 [IPEngineApp] Registering with controller at tcp://10.50.180.72:34501
2018-07-24 10:41:17.203 [IPEngineApp] Registering with controller at tcp://10.50.180.72:34501
2018-07-24 10:41:17.205 [IPEngineApp] Registering with controller at tcp://10.50.180.72:34501
2018-07-24 10:41:17.271 [IPEngineApp] Registering with controller at tcp://10.50.180.72:34501
2018-07-24 10:41:17.275 [IPEngineApp] Registering with controller at tcp://10.50.180.72:34501
2018-07-24 10:41:17.571 [IPEngineApp] Registering with controller at tcp://10.50.180.72:34501
2018-07-24 10:41:17.661 [IPEngineApp] Registering with controller at tcp://10.50.180.72:34501
2018-07-24 10:41:18.439 [IPEngineApp] Starting to monitor the heartbeat signal from the hub every 3010 ms.
2018-07-24 10:41:18.458 [IPEngineApp] Starting to monitor the heartbeat signal from the hub every 3010 ms.
2018-07-24 10:41:18.463 [IPEngineApp] Starting to monitor the heartbeat signal from the hub every 3010 ms.
2018-07-24 10:41:18.468 [IPEngineApp] Starting to monitor the heartbeat signal from the hub every 3010 ms.
2018-07-24 10:41:18.479 [IPEngineApp] Starting to monitor the heartbeat signal from the hub every 3010 ms.
2018-07-24 10:41:18.487 [IPEngineApp] Starting to monitor the heartbeat signal from the hub every 3010 ms.
2018-07-24 10:41:18.503 [IPEngineApp] Starting to monitor the heartbeat signal from the hub every 3010 ms.
2018-07-24 10:41:18.507 [IPEngineApp] Starting to monitor the heartbeat signal from the hub every 3010 ms.
2018-07-24 10:41:18.517 [IPEngineApp] Starting to monitor the heartbeat signal from the hub every 3010 ms.
2018-07-24 10:41:18.523 [IPEngineApp] Starting to monitor the heartbeat signal from the hub every 3010 ms.
2018-07-24 10:41:18.527 [IPEngineApp] Starting to monitor the heartbeat signal from the hub every 3010 ms.
2018-07-24 10:41:18.533 [IPEngineApp] Starting to monitor the heartbeat signal from the hub every 3010 ms.
2018-07-24 10:41:18.545 [IPEngineApp] Starting to monitor the heartbeat signal from the hub every 3010 ms.
2018-07-24 10:41:18.551 [IPEngineApp] Starting to monitor the heartbeat signal from the hub every 3010 ms.
2018-07-24 10:41:18.555 [IPEngineApp] Starting to monitor the heartbeat signal from the hub every 3010 ms.
2018-07-24 10:41:18.560 [IPEngineApp] Starting to monitor the heartbeat signal from the hub every 3010 ms.
2018-07-24 10:41:18.564 [IPEngineApp] Starting to monitor the heartbeat signal from the hub every 3010 ms.
2018-07-24 10:41:18.571 [IPEngineApp] Starting to monitor the heartbeat signal from the hub every 3010 ms.
2018-07-24 10:41:18.577 [IPEngineApp] Starting to monitor the heartbeat signal from the hub every 3010 ms.
2018-07-24 10:41:18.583 [IPEngineApp] Starting to monitor the heartbeat signal from the hub every 3010 ms.
2018-07-24 10:41:18.587 [IPEngineApp] Starting to monitor the heartbeat signal from the hub every 3010 ms.
2018-07-24 10:41:18.596 [IPEngineApp] Starting to monitor the heartbeat signal from the hub every 3010 ms.
2018-07-24 10:41:18.599 [IPEngineApp] Starting to monitor the heartbeat signal from the hub every 3010 ms.
2018-07-24 10:41:18.604 [IPEngineApp] Starting to monitor the heartbeat signal from the hub every 3010 ms.
2018-07-24 10:41:18.608 [IPEngineApp] Starting to monitor the heartbeat signal from the hub every 3010 ms.
2018-07-24 10:41:18.612 [IPEngineApp] Starting to monitor the heartbeat signal from the hub every 3010 ms.
2018-07-24 10:41:18.620 [IPEngineApp] Starting to monitor the heartbeat signal from the hub every 3010 ms.
2018-07-24 10:41:18.450 [IPEngineApp] Starting to monitor the heartbeat signal from the hub every 3010 ms.
2018-07-24 10:41:18.664 [IPEngineApp] Completed registration with id 13
2018-07-24 10:41:18.673 [IPEngineApp] Completed registration with id 27
2018-07-24 10:41:18.675 [IPEngineApp] Completed registration with id 15
2018-07-24 10:41:18.676 [IPEngineApp] Completed registration with id 10
2018-07-24 10:41:18.678 [IPEngineApp] Completed registration with id 16
2018-07-24 10:41:18.679 [IPEngineApp] Completed registration with id 3
2018-07-24 10:41:18.681 [IPEngineApp] Completed registration with id 1
2018-07-24 10:41:18.683 [IPEngineApp] Completed registration with id 11
2018-07-24 10:41:18.684 [IPEngineApp] Completed registration with id 0
2018-07-24 10:41:18.685 [IPEngineApp] Completed registration with id 2
2018-07-24 10:41:18.687 [IPEngineApp] Completed registration with id 7
2018-07-24 10:41:18.688 [IPEngineApp] Completed registration with id 6
2018-07-24 10:41:18.690 [IPEngineApp] Completed registration with id 12
2018-07-24 10:41:18.691 [IPEngineApp] Completed registration with id 9
2018-07-24 10:41:18.693 [IPEngineApp] Completed registration with id 14
2018-07-24 10:41:18.694 [IPEngineApp] Completed registration with id 17
2018-07-24 10:41:18.698 [IPEngineApp] Completed registration with id 8
2018-07-24 10:41:18.700 [IPEngineApp] Completed registration with id 5
2018-07-24 10:41:18.701 [IPEngineApp] Completed registration with id 4
2018-07-24 10:41:18.703 [IPEngineApp] Completed registration with id 25
2018-07-24 10:41:18.706 [IPEngineApp] Completed registration with id 22
2018-07-24 10:41:18.707 [IPEngineApp] Completed registration with id 19
2018-07-24 10:41:18.709 [IPEngineApp] Starting to monitor the heartbeat signal from the hub every 3010 ms.
2018-07-24 10:41:18.717 [IPEngineApp] Completed registration with id 20
2018-07-24 10:41:18.719 [IPEngineApp] Completed registration with id 24
2018-07-24 10:41:18.720 [IPEngineApp] Completed registration with id 18
2018-07-24 10:41:18.721 [IPEngineApp] Completed registration with id 26
2018-07-24 10:41:18.728 [IPEngineApp] Starting to monitor the heartbeat signal from the hub every 3010 ms.
2018-07-24 10:41:18.733 [IPEngineApp] Completed registration with id 23
2018-07-24 10:41:18.733 [IPEngineApp] Completed registration with id 21
2018-07-24 10:41:18.739 [IPEngineApp] Starting to monitor the heartbeat signal from the hub every 3010 ms.
2018-07-24 10:41:18.745 [IPEngineApp] Starting to monitor the heartbeat signal from the hub every 3010 ms.
2018-07-24 10:41:18.751 [IPEngineApp] Completed registration with id 28
2018-07-24 10:41:18.753 [IPEngineApp] Completed registration with id 29
2018-07-24 10:41:18.754 [IPEngineApp] Completed registration with id 30
2018-07-24 10:41:18.756 [IPEngineApp] Completed registration with id 31
