2018-07-05 17:15:51.530 [IPEngineApp] Loading url_file 'ipengine.json'
2018-07-05 17:15:51.766 [IPEngineApp] Loading url_file 'ipengine.json'
2018-07-05 17:15:51.817 [IPEngineApp] Loading url_file 'ipengine.json'
2018-07-05 17:15:51.865 [IPEngineApp] Loading url_file 'ipengine.json'
2018-07-05 17:15:51.868 [IPEngineApp] Loading url_file 'ipengine.json'
2018-07-05 17:15:51.890 [IPEngineApp] Loading url_file 'ipengine.json'
2018-07-05 17:15:51.902 [IPEngineApp] Loading url_file 'ipengine.json'
2018-07-05 17:15:51.904 [IPEngineApp] Loading url_file 'ipengine.json'
2018-07-05 17:15:51.906 [IPEngineApp] Loading url_file 'ipengine.json'
2018-07-05 17:15:51.908 [IPEngineApp] Loading url_file 'ipengine.json'
2018-07-05 17:15:51.911 [IPEngineApp] Loading url_file 'ipengine.json'
2018-07-05 17:15:51.914 [IPEngineApp] Loading url_file 'ipengine.json'
2018-07-05 17:15:51.917 [IPEngineApp] Loading url_file 'ipengine.json'
2018-07-05 17:15:51.924 [IPEngineApp] Loading url_file 'ipengine.json'
2018-07-05 17:15:51.928 [IPEngineApp] Loading url_file 'ipengine.json'
2018-07-05 17:15:51.941 [IPEngineApp] Loading url_file 'ipengine.json'
2018-07-05 17:15:51.749 [IPEngineApp] Loading url_file 'ipengine.json'
2018-07-05 17:15:51.974 [IPEngineApp] Loading url_file 'ipengine.json'
2018-07-05 17:15:51.983 [IPEngineApp] Loading url_file 'ipengine.json'
2018-07-05 17:15:51.985 [IPEngineApp] Loading url_file 'ipengine.json'
2018-07-05 17:15:52.042 [IPEngineApp] Loading url_file 'ipengine.json'
2018-07-05 17:15:52.045 [IPEngineApp] Loading url_file 'ipengine.json'
2018-07-05 17:15:54.630 [IPEngineApp] Loading url_file 'ipengine.json'
2018-07-05 17:15:54.637 [IPEngineApp] Loading url_file 'ipengine.json'
2018-07-05 17:15:54.652 [IPEngineApp] Loading url_file 'ipengine.json'
2018-07-05 17:15:54.654 [IPEngineApp] Loading url_file 'ipengine.json'
2018-07-05 17:15:54.655 [IPEngineApp] Loading url_file 'ipengine.json'
2018-07-05 17:15:54.657 [IPEngineApp] Loading url_file 'ipengine.json'
2018-07-05 17:15:54.659 [IPEngineApp] Loading url_file 'ipengine.json'
2018-07-05 17:15:54.663 [IPEngineApp] Loading url_file 'ipengine.json'
2018-07-05 17:15:51.965 [IPEngineApp] Loading url_file 'ipengine.json'
2018-07-05 17:15:54.691 [IPEngineApp] Loading url_file 'ipengine.json'
2018-07-05 17:15:54.694 [IPEngineApp] Loading url_file 'ipengine.json'
2018-07-05 17:15:54.697 [IPEngineApp] Loading url_file 'ipengine.json'
2018-07-05 17:15:54.706 [IPEngineApp] Loading url_file 'ipengine.json'
2018-07-05 17:15:54.542 [IPEngineApp] Loading url_file 'ipengine.json'
2018-07-05 17:15:55.046 [IPEngineApp] Loading url_file 'ipengine.json'
2018-07-05 17:15:55.122 [IPEngineApp] Registering with controller at tcp://10.50.180.71:47965
2018-07-05 17:15:55.142 [IPEngineApp] Registering with controller at tcp://10.50.180.71:47965
2018-07-05 17:15:55.237 [IPEngineApp] Loading url_file 'ipengine.json'
2018-07-05 17:15:55.289 [IPEngineApp] Registering with controller at tcp://10.50.180.71:47965
2018-07-05 17:15:55.309 [IPEngineApp] Registering with controller at tcp://10.50.180.71:47965
2018-07-05 17:15:55.312 [IPEngineApp] Registering with controller at tcp://10.50.180.71:47965
2018-07-05 17:15:55.315 [IPEngineApp] Registering with controller at tcp://10.50.180.71:47965
2018-07-05 17:15:55.327 [IPEngineApp] Loading url_file 'ipengine.json'
2018-07-05 17:15:55.329 [IPEngineApp] Registering with controller at tcp://10.50.180.71:47965
2018-07-05 17:15:55.337 [IPEngineApp] Registering with controller at tcp://10.50.180.71:47965
2018-07-05 17:15:55.344 [IPEngineApp] Registering with controller at tcp://10.50.180.71:47965
2018-07-05 17:15:55.350 [IPEngineApp] Registering with controller at tcp://10.50.180.71:47965
2018-07-05 17:15:55.353 [IPEngineApp] Registering with controller at tcp://10.50.180.71:47965
2018-07-05 17:15:55.355 [IPEngineApp] Registering with controller at tcp://10.50.180.71:47965
2018-07-05 17:15:55.358 [IPEngineApp] Registering with controller at tcp://10.50.180.71:47965
2018-07-05 17:15:55.363 [IPEngineApp] Registering with controller at tcp://10.50.180.71:47965
2018-07-05 17:15:55.404 [IPEngineApp] Registering with controller at tcp://10.50.180.71:47965
2018-07-05 17:15:55.370 [IPEngineApp] Registering with controller at tcp://10.50.180.71:47965
2018-07-05 17:15:55.378 [IPEngineApp] Registering with controller at tcp://10.50.180.71:47965
2018-07-05 17:15:55.389 [IPEngineApp] Loading url_file 'ipengine.json'
2018-07-05 17:15:55.368 [IPEngineApp] Loading url_file 'ipengine.json'
2018-07-05 17:15:55.454 [IPEngineApp] Registering with controller at tcp://10.50.180.71:47965
2018-07-05 17:15:55.458 [IPEngineApp] Registering with controller at tcp://10.50.180.71:47965
2018-07-05 17:15:55.466 [IPEngineApp] Registering with controller at tcp://10.50.180.71:47965
2018-07-05 17:15:55.469 [IPEngineApp] Registering with controller at tcp://10.50.180.71:47965
2018-07-05 17:15:55.382 [IPEngineApp] Loading url_file 'ipengine.json'
2018-07-05 17:15:55.473 [IPEngineApp] Registering with controller at tcp://10.50.180.71:47965
2018-07-05 17:15:55.475 [IPEngineApp] Registering with controller at tcp://10.50.180.71:47965
2018-07-05 17:15:55.335 [IPEngineApp] Loading url_file 'ipengine.json'
2018-07-05 17:15:55.481 [IPEngineApp] Registering with controller at tcp://10.50.180.71:47965
2018-07-05 17:15:55.486 [IPEngineApp] Registering with controller at tcp://10.50.180.71:47965
2018-07-05 17:15:55.495 [IPEngineApp] Registering with controller at tcp://10.50.180.71:47965
2018-07-05 17:15:55.498 [IPEngineApp] Registering with controller at tcp://10.50.180.71:47965
2018-07-05 17:15:55.501 [IPEngineApp] Registering with controller at tcp://10.50.180.71:47965
2018-07-05 17:15:55.504 [IPEngineApp] Registering with controller at tcp://10.50.180.71:47965
2018-07-05 17:15:55.506 [IPEngineApp] Registering with controller at tcp://10.50.180.71:47965
2018-07-05 17:15:55.509 [IPEngineApp] Registering with controller at tcp://10.50.180.71:47965
2018-07-05 17:15:55.513 [IPEngineApp] Registering with controller at tcp://10.50.180.71:47965
2018-07-05 17:15:55.516 [IPEngineApp] Registering with controller at tcp://10.50.180.71:47965
2018-07-05 17:15:55.519 [IPEngineApp] Registering with controller at tcp://10.50.180.71:47965
2018-07-05 17:15:55.521 [IPEngineApp] Registering with controller at tcp://10.50.180.71:47965
2018-07-05 17:15:55.524 [IPEngineApp] Registering with controller at tcp://10.50.180.71:47965
2018-07-05 17:15:55.559 [IPEngineApp] Loading url_file 'ipengine.json'
2018-07-05 17:15:55.642 [IPEngineApp] Registering with controller at tcp://10.50.180.71:47965
2018-07-05 17:15:55.658 [IPEngineApp] Registering with controller at tcp://10.50.180.71:47965
2018-07-05 17:15:55.677 [IPEngineApp] Registering with controller at tcp://10.50.180.71:47965
2018-07-05 17:15:55.684 [IPEngineApp] Registering with controller at tcp://10.50.180.71:47965
2018-07-05 17:15:55.687 [IPEngineApp] Registering with controller at tcp://10.50.180.71:47965
2018-07-05 17:15:55.692 [IPEngineApp] Registering with controller at tcp://10.50.180.71:47965
2018-07-05 17:15:55.699 [IPEngineApp] Registering with controller at tcp://10.50.180.71:47965
2018-07-05 17:15:55.712 [IPEngineApp] Registering with controller at tcp://10.50.180.71:47965
2018-07-05 17:15:55.777 [IPEngineApp] Loading url_file 'ipengine.json'
2018-07-05 17:15:55.856 [IPEngineApp] Registering with controller at tcp://10.50.180.71:47965
2018-07-05 17:15:55.905 [IPEngineApp] Loading url_file 'ipengine.json'
2018-07-05 17:15:55.961 [IPEngineApp] Registering with controller at tcp://10.50.180.71:47965
2018-07-05 17:15:58.426 [IPEngineApp] Loading url_file 'ipengine.json'
2018-07-05 17:15:58.444 [IPEngineApp] Loading url_file 'ipengine.json'
2018-07-05 17:15:58.463 [IPEngineApp] Registering with controller at tcp://10.50.180.71:47965
2018-07-05 17:15:58.479 [IPEngineApp] Registering with controller at tcp://10.50.180.71:47965
