2018-07-19 08:18:53.300 [IPEngineApp] Loading url_file 'ipengine.json'
2018-07-19 08:18:53.325 [IPEngineApp] Loading url_file 'ipengine.json'
2018-07-19 08:18:53.402 [IPEngineApp] Loading url_file 'ipengine.json'
2018-07-19 08:18:53.309 [IPEngineApp] Loading url_file 'ipengine.json'
2018-07-19 08:18:53.399 [IPEngineApp] Loading url_file 'ipengine.json'
2018-07-19 08:18:53.321 [IPEngineApp] Loading url_file 'ipengine.json'
2018-07-19 08:18:53.317 [IPEngineApp] Loading url_file 'ipengine.json'
2018-07-19 08:18:53.395 [IPEngineApp] Loading url_file 'ipengine.json'
2018-07-19 08:18:53.371 [IPEngineApp] Loading url_file 'ipengine.json'
2018-07-19 08:18:53.313 [IPEngineApp] Loading url_file 'ipengine.json'
2018-07-19 08:18:53.340 [IPEngineApp] Loading url_file 'ipengine.json'
2018-07-19 08:18:53.348 [IPEngineApp] Loading url_file 'ipengine.json'
2018-07-19 08:18:53.418 [IPEngineApp] Loading url_file 'ipengine.json'
2018-07-19 08:18:53.367 [IPEngineApp] Loading url_file 'ipengine.json'
2018-07-19 08:18:53.352 [IPEngineApp] Loading url_file 'ipengine.json'
2018-07-19 08:18:53.406 [IPEngineApp] Loading url_file 'ipengine.json'
2018-07-19 08:18:53.360 [IPEngineApp] Loading url_file 'ipengine.json'
2018-07-19 08:18:53.332 [IPEngineApp] Loading url_file 'ipengine.json'
2018-07-19 08:18:53.344 [IPEngineApp] Loading url_file 'ipengine.json'
2018-07-19 08:18:53.356 [IPEngineApp] Loading url_file 'ipengine.json'
2018-07-19 08:18:53.387 [IPEngineApp] Loading url_file 'ipengine.json'
2018-07-19 08:18:53.383 [IPEngineApp] Loading url_file 'ipengine.json'
2018-07-19 08:18:53.410 [IPEngineApp] Loading url_file 'ipengine.json'
2018-07-19 08:18:53.305 [IPEngineApp] Loading url_file 'ipengine.json'
2018-07-19 08:18:53.421 [IPEngineApp] Loading url_file 'ipengine.json'
2018-07-19 08:18:53.329 [IPEngineApp] Loading url_file 'ipengine.json'
2018-07-19 08:18:53.391 [IPEngineApp] Loading url_file 'ipengine.json'
2018-07-19 08:18:53.364 [IPEngineApp] Loading url_file 'ipengine.json'
2018-07-19 08:18:53.375 [IPEngineApp] Loading url_file 'ipengine.json'
2018-07-19 08:18:53.336 [IPEngineApp] Loading url_file 'ipengine.json'
2018-07-19 08:18:53.414 [IPEngineApp] Loading url_file 'ipengine.json'
2018-07-19 08:18:53.379 [IPEngineApp] Loading url_file 'ipengine.json'
2018-07-19 08:18:54.119 [IPEngineApp] Registering with controller at tcp://10.50.180.71:46247
2018-07-19 08:18:54.123 [IPEngineApp] Registering with controller at tcp://10.50.180.71:46247
2018-07-19 08:18:54.128 [IPEngineApp] Registering with controller at tcp://10.50.180.71:46247
2018-07-19 08:18:54.131 [IPEngineApp] Registering with controller at tcp://10.50.180.71:46247
2018-07-19 08:18:54.134 [IPEngineApp] Registering with controller at tcp://10.50.180.71:46247
2018-07-19 08:18:54.137 [IPEngineApp] Registering with controller at tcp://10.50.180.71:46247
2018-07-19 08:18:54.140 [IPEngineApp] Registering with controller at tcp://10.50.180.71:46247
2018-07-19 08:18:54.143 [IPEngineApp] Registering with controller at tcp://10.50.180.71:46247
2018-07-19 08:18:54.146 [IPEngineApp] Registering with controller at tcp://10.50.180.71:46247
2018-07-19 08:18:54.149 [IPEngineApp] Registering with controller at tcp://10.50.180.71:46247
2018-07-19 08:18:54.151 [IPEngineApp] Registering with controller at tcp://10.50.180.71:46247
2018-07-19 08:18:54.154 [IPEngineApp] Registering with controller at tcp://10.50.180.71:46247
2018-07-19 08:18:54.157 [IPEngineApp] Registering with controller at tcp://10.50.180.71:46247
2018-07-19 08:18:54.160 [IPEngineApp] Registering with controller at tcp://10.50.180.71:46247
2018-07-19 08:18:54.163 [IPEngineApp] Registering with controller at tcp://10.50.180.71:46247
2018-07-19 08:18:54.166 [IPEngineApp] Registering with controller at tcp://10.50.180.71:46247
2018-07-19 08:18:54.169 [IPEngineApp] Registering with controller at tcp://10.50.180.71:46247
2018-07-19 08:18:54.171 [IPEngineApp] Registering with controller at tcp://10.50.180.71:46247
2018-07-19 08:18:54.174 [IPEngineApp] Registering with controller at tcp://10.50.180.71:46247
2018-07-19 08:18:54.177 [IPEngineApp] Registering with controller at tcp://10.50.180.71:46247
2018-07-19 08:18:54.176 [IPEngineApp] Registering with controller at tcp://10.50.180.71:46247
2018-07-19 08:18:54.179 [IPEngineApp] Registering with controller at tcp://10.50.180.71:46247
2018-07-19 08:18:54.180 [IPEngineApp] Registering with controller at tcp://10.50.180.71:46247
2018-07-19 08:18:54.181 [IPEngineApp] Registering with controller at tcp://10.50.180.71:46247
2018-07-19 08:18:54.185 [IPEngineApp] Registering with controller at tcp://10.50.180.71:46247
2018-07-19 08:18:54.183 [IPEngineApp] Registering with controller at tcp://10.50.180.71:46247
2018-07-19 08:18:54.186 [IPEngineApp] Registering with controller at tcp://10.50.180.71:46247
2018-07-19 08:18:54.188 [IPEngineApp] Registering with controller at tcp://10.50.180.71:46247
2018-07-19 08:18:54.190 [IPEngineApp] Registering with controller at tcp://10.50.180.71:46247
2018-07-19 08:18:54.191 [IPEngineApp] Registering with controller at tcp://10.50.180.71:46247
2018-07-19 08:18:54.193 [IPEngineApp] Registering with controller at tcp://10.50.180.71:46247
2018-07-19 08:18:54.194 [IPEngineApp] Registering with controller at tcp://10.50.180.71:46247
2018-07-19 08:18:55.896 [IPEngineApp] Starting to monitor the heartbeat signal from the hub every 3010 ms.
2018-07-19 08:18:55.911 [IPEngineApp] Starting to monitor the heartbeat signal from the hub every 3010 ms.
2018-07-19 08:18:55.914 [IPEngineApp] Starting to monitor the heartbeat signal from the hub every 3010 ms.
2018-07-19 08:18:55.918 [IPEngineApp] Starting to monitor the heartbeat signal from the hub every 3010 ms.
2018-07-19 08:18:55.923 [IPEngineApp] Starting to monitor the heartbeat signal from the hub every 3010 ms.
2018-07-19 08:18:55.928 [IPEngineApp] Starting to monitor the heartbeat signal from the hub every 3010 ms.
2018-07-19 08:18:55.933 [IPEngineApp] Starting to monitor the heartbeat signal from the hub every 3010 ms.
2018-07-19 08:18:55.938 [IPEngineApp] Starting to monitor the heartbeat signal from the hub every 3010 ms.
2018-07-19 08:18:55.943 [IPEngineApp] Starting to monitor the heartbeat signal from the hub every 3010 ms.
2018-07-19 08:18:55.948 [IPEngineApp] Starting to monitor the heartbeat signal from the hub every 3010 ms.
2018-07-19 08:18:55.953 [IPEngineApp] Starting to monitor the heartbeat signal from the hub every 3010 ms.
2018-07-19 08:18:55.957 [IPEngineApp] Starting to monitor the heartbeat signal from the hub every 3010 ms.
2018-07-19 08:18:55.963 [IPEngineApp] Starting to monitor the heartbeat signal from the hub every 3010 ms.
2018-07-19 08:18:55.967 [IPEngineApp] Starting to monitor the heartbeat signal from the hub every 3010 ms.
2018-07-19 08:18:55.973 [IPEngineApp] Starting to monitor the heartbeat signal from the hub every 3010 ms.
2018-07-19 08:18:55.977 [IPEngineApp] Starting to monitor the heartbeat signal from the hub every 3010 ms.
2018-07-19 08:18:55.983 [IPEngineApp] Starting to monitor the heartbeat signal from the hub every 3010 ms.
2018-07-19 08:18:55.988 [IPEngineApp] Starting to monitor the heartbeat signal from the hub every 3010 ms.
2018-07-19 08:18:55.993 [IPEngineApp] Starting to monitor the heartbeat signal from the hub every 3010 ms.
2018-07-19 08:18:55.998 [IPEngineApp] Starting to monitor the heartbeat signal from the hub every 3010 ms.
2018-07-19 08:18:56.002 [IPEngineApp] Starting to monitor the heartbeat signal from the hub every 3010 ms.
2018-07-19 08:18:56.007 [IPEngineApp] Starting to monitor the heartbeat signal from the hub every 3010 ms.
2018-07-19 08:18:56.012 [IPEngineApp] Starting to monitor the heartbeat signal from the hub every 3010 ms.
2018-07-19 08:18:56.017 [IPEngineApp] Starting to monitor the heartbeat signal from the hub every 3010 ms.
2018-07-19 08:18:56.023 [IPEngineApp] Starting to monitor the heartbeat signal from the hub every 3010 ms.
2018-07-19 08:18:56.027 [IPEngineApp] Starting to monitor the heartbeat signal from the hub every 3010 ms.
2018-07-19 08:18:56.033 [IPEngineApp] Starting to monitor the heartbeat signal from the hub every 3010 ms.
2018-07-19 08:18:56.038 [IPEngineApp] Starting to monitor the heartbeat signal from the hub every 3010 ms.
2018-07-19 08:18:56.042 [IPEngineApp] Starting to monitor the heartbeat signal from the hub every 3010 ms.
2018-07-19 08:18:56.047 [IPEngineApp] Starting to monitor the heartbeat signal from the hub every 3010 ms.
2018-07-19 08:18:56.056 [IPEngineApp] Starting to monitor the heartbeat signal from the hub every 3010 ms.
2018-07-19 08:18:56.061 [IPEngineApp] Starting to monitor the heartbeat signal from the hub every 3010 ms.
2018-07-19 08:18:56.087 [IPEngineApp] Completed registration with id 380
2018-07-19 08:18:56.090 [IPEngineApp] Completed registration with id 373
2018-07-19 08:18:56.094 [IPEngineApp] Completed registration with id 389
2018-07-19 08:18:56.095 [IPEngineApp] Completed registration with id 376
2018-07-19 08:18:56.097 [IPEngineApp] Completed registration with id 384
2018-07-19 08:18:56.100 [IPEngineApp] Completed registration with id 378
2018-07-19 08:18:56.101 [IPEngineApp] Completed registration with id 382
2018-07-19 08:18:56.103 [IPEngineApp] Completed registration with id 375
2018-07-19 08:18:56.106 [IPEngineApp] Completed registration with id 370
2018-07-19 08:18:56.108 [IPEngineApp] Completed registration with id 371
2018-07-19 08:18:56.110 [IPEngineApp] Completed registration with id 385
2018-07-19 08:18:56.111 [IPEngineApp] Completed registration with id 398
2018-07-19 08:18:56.113 [IPEngineApp] Completed registration with id 391
2018-07-19 08:18:56.114 [IPEngineApp] Completed registration with id 381
2018-07-19 08:18:56.116 [IPEngineApp] Completed registration with id 392
2018-07-19 08:18:56.118 [IPEngineApp] Completed registration with id 377
2018-07-19 08:18:56.120 [IPEngineApp] Completed registration with id 386
2018-07-19 08:18:56.123 [IPEngineApp] Completed registration with id 395
2018-07-19 08:18:56.124 [IPEngineApp] Completed registration with id 394
2018-07-19 08:18:56.126 [IPEngineApp] Completed registration with id 388
2018-07-19 08:18:56.127 [IPEngineApp] Completed registration with id 374
2018-07-19 08:18:56.129 [IPEngineApp] Completed registration with id 383
2018-07-19 08:18:56.131 [IPEngineApp] Completed registration with id 387
2018-07-19 08:18:56.133 [IPEngineApp] Completed registration with id 372
2018-07-19 08:18:56.135 [IPEngineApp] Completed registration with id 379
2018-07-19 08:18:56.137 [IPEngineApp] Completed registration with id 397
2018-07-19 08:18:56.138 [IPEngineApp] Completed registration with id 393
2018-07-19 08:18:56.140 [IPEngineApp] Completed registration with id 390
2018-07-19 08:18:56.141 [IPEngineApp] Completed registration with id 396
2018-07-19 08:18:56.146 [IPEngineApp] Completed registration with id 399
2018-07-19 08:18:56.146 [IPEngineApp] Completed registration with id 400
2018-07-19 08:18:56.146 [IPEngineApp] Completed registration with id 401
