2018-07-11 13:49:17.876 [IPEngineApp] Loading url_file 'ipengine.json'
2018-07-11 13:49:17.982 [IPEngineApp] Loading url_file 'ipengine.json'
2018-07-11 13:49:17.938 [IPEngineApp] Loading url_file 'ipengine.json'
2018-07-11 13:49:17.933 [IPEngineApp] Loading url_file 'ipengine.json'
2018-07-11 13:49:17.923 [IPEngineApp] Loading url_file 'ipengine.json'
2018-07-11 13:49:17.957 [IPEngineApp] Loading url_file 'ipengine.json'
2018-07-11 13:49:17.997 [IPEngineApp] Loading url_file 'ipengine.json'
2018-07-11 13:49:17.996 [IPEngineApp] Loading url_file 'ipengine.json'
2018-07-11 13:49:17.943 [IPEngineApp] Loading url_file 'ipengine.json'
2018-07-11 13:49:17.987 [IPEngineApp] Loading url_file 'ipengine.json'
2018-07-11 13:49:17.953 [IPEngineApp] Loading url_file 'ipengine.json'
2018-07-11 13:49:17.972 [IPEngineApp] Loading url_file 'ipengine.json'
2018-07-11 13:49:17.967 [IPEngineApp] Loading url_file 'ipengine.json'
2018-07-11 13:49:17.977 [IPEngineApp] Loading url_file 'ipengine.json'
2018-07-11 13:49:17.956 [IPEngineApp] Loading url_file 'ipengine.json'
2018-07-11 13:49:18.002 [IPEngineApp] Loading url_file 'ipengine.json'
2018-07-11 13:49:17.889 [IPEngineApp] Loading url_file 'ipengine.json'
2018-07-11 13:49:17.885 [IPEngineApp] Loading url_file 'ipengine.json'
2018-07-11 13:49:17.892 [IPEngineApp] Loading url_file 'ipengine.json'
2018-07-11 13:49:17.909 [IPEngineApp] Loading url_file 'ipengine.json'
2018-07-11 13:49:17.913 [IPEngineApp] Loading url_file 'ipengine.json'
2018-07-11 13:49:18.042 [IPEngineApp] Loading url_file 'ipengine.json'
2018-07-11 13:49:17.904 [IPEngineApp] Loading url_file 'ipengine.json'
2018-07-11 13:49:18.017 [IPEngineApp] Loading url_file 'ipengine.json'
2018-07-11 13:49:18.024 [IPEngineApp] Loading url_file 'ipengine.json'
2018-07-11 13:49:18.122 [IPEngineApp] Loading url_file 'ipengine.json'
2018-07-11 13:49:18.026 [IPEngineApp] Loading url_file 'ipengine.json'
2018-07-11 13:49:18.153 [IPEngineApp] Loading url_file 'ipengine.json'
2018-07-11 13:49:18.014 [IPEngineApp] Loading url_file 'ipengine.json'
2018-07-11 13:49:18.204 [IPEngineApp] Loading url_file 'ipengine.json'
2018-07-11 13:49:18.667 [IPEngineApp] Registering with controller at tcp://10.50.180.72:46337
2018-07-11 13:49:18.670 [IPEngineApp] Registering with controller at tcp://10.50.180.72:46337
2018-07-11 13:49:18.684 [IPEngineApp] Registering with controller at tcp://10.50.180.72:46337
2018-07-11 13:49:18.686 [IPEngineApp] Registering with controller at tcp://10.50.180.72:46337
2018-07-11 13:49:18.689 [IPEngineApp] Registering with controller at tcp://10.50.180.72:46337
2018-07-11 13:49:18.691 [IPEngineApp] Registering with controller at tcp://10.50.180.72:46337
2018-07-11 13:49:18.695 [IPEngineApp] Registering with controller at tcp://10.50.180.72:46337
2018-07-11 13:49:18.698 [IPEngineApp] Registering with controller at tcp://10.50.180.72:46337
2018-07-11 13:49:18.703 [IPEngineApp] Registering with controller at tcp://10.50.180.72:46337
2018-07-11 13:49:18.706 [IPEngineApp] Registering with controller at tcp://10.50.180.72:46337
2018-07-11 13:49:18.709 [IPEngineApp] Registering with controller at tcp://10.50.180.72:46337
2018-07-11 13:49:18.712 [IPEngineApp] Registering with controller at tcp://10.50.180.72:46337
2018-07-11 13:49:18.715 [IPEngineApp] Registering with controller at tcp://10.50.180.72:46337
2018-07-11 13:49:18.719 [IPEngineApp] Registering with controller at tcp://10.50.180.72:46337
2018-07-11 13:49:18.721 [IPEngineApp] Registering with controller at tcp://10.50.180.72:46337
2018-07-11 13:49:18.725 [IPEngineApp] Registering with controller at tcp://10.50.180.72:46337
2018-07-11 13:49:18.738 [IPEngineApp] Registering with controller at tcp://10.50.180.72:46337
2018-07-11 13:49:18.740 [IPEngineApp] Registering with controller at tcp://10.50.180.72:46337
2018-07-11 13:49:18.745 [IPEngineApp] Registering with controller at tcp://10.50.180.72:46337
2018-07-11 13:49:18.748 [IPEngineApp] Registering with controller at tcp://10.50.180.72:46337
2018-07-11 13:49:18.765 [IPEngineApp] Registering with controller at tcp://10.50.180.72:46337
2018-07-11 13:49:18.752 [IPEngineApp] Registering with controller at tcp://10.50.180.72:46337
2018-07-11 13:49:18.754 [IPEngineApp] Registering with controller at tcp://10.50.180.72:46337
2018-07-11 13:49:18.755 [IPEngineApp] Registering with controller at tcp://10.50.180.72:46337
2018-07-11 13:49:18.757 [IPEngineApp] Registering with controller at tcp://10.50.180.72:46337
2018-07-11 13:49:18.800 [IPEngineApp] Registering with controller at tcp://10.50.180.72:46337
2018-07-11 13:49:18.806 [IPEngineApp] Registering with controller at tcp://10.50.180.72:46337
2018-07-11 13:49:18.810 [IPEngineApp] Registering with controller at tcp://10.50.180.72:46337
2018-07-11 13:49:18.822 [IPEngineApp] Registering with controller at tcp://10.50.180.72:46337
2018-07-11 13:49:18.875 [IPEngineApp] Registering with controller at tcp://10.50.180.72:46337
2018-07-11 13:49:19.089 [IPEngineApp] Loading url_file 'ipengine.json'
2018-07-11 13:49:19.584 [IPEngineApp] Loading url_file 'ipengine.json'
2018-07-11 13:49:19.938 [IPEngineApp] Registering with controller at tcp://10.50.180.72:46337
2018-07-11 13:49:20.255 [IPEngineApp] Starting to monitor the heartbeat signal from the hub every 3010 ms.
2018-07-11 13:49:20.331 [IPEngineApp] Starting to monitor the heartbeat signal from the hub every 3010 ms.
2018-07-11 13:49:20.351 [IPEngineApp] Starting to monitor the heartbeat signal from the hub every 3010 ms.
2018-07-11 13:49:20.358 [IPEngineApp] Registering with controller at tcp://10.50.180.72:46337
2018-07-11 13:49:20.366 [IPEngineApp] Starting to monitor the heartbeat signal from the hub every 3010 ms.
2018-07-11 13:49:20.387 [IPEngineApp] Starting to monitor the heartbeat signal from the hub every 3010 ms.
2018-07-11 13:49:20.391 [IPEngineApp] Starting to monitor the heartbeat signal from the hub every 3010 ms.
2018-07-11 13:49:20.408 [IPEngineApp] Starting to monitor the heartbeat signal from the hub every 3010 ms.
2018-07-11 13:49:20.413 [IPEngineApp] Starting to monitor the heartbeat signal from the hub every 3010 ms.
2018-07-11 13:49:20.433 [IPEngineApp] Starting to monitor the heartbeat signal from the hub every 3010 ms.
2018-07-11 13:49:20.438 [IPEngineApp] Starting to monitor the heartbeat signal from the hub every 3010 ms.
2018-07-11 13:49:20.442 [IPEngineApp] Starting to monitor the heartbeat signal from the hub every 3010 ms.
2018-07-11 13:49:20.447 [IPEngineApp] Starting to monitor the heartbeat signal from the hub every 3010 ms.
2018-07-11 13:49:20.453 [IPEngineApp] Starting to monitor the heartbeat signal from the hub every 3010 ms.
2018-07-11 13:49:20.462 [IPEngineApp] Starting to monitor the heartbeat signal from the hub every 3010 ms.
2018-07-11 13:49:20.467 [IPEngineApp] Starting to monitor the heartbeat signal from the hub every 3010 ms.
2018-07-11 13:49:20.477 [IPEngineApp] Starting to monitor the heartbeat signal from the hub every 3010 ms.
2018-07-11 13:49:20.482 [IPEngineApp] Starting to monitor the heartbeat signal from the hub every 3010 ms.
2018-07-11 13:49:20.487 [IPEngineApp] Starting to monitor the heartbeat signal from the hub every 3010 ms.
2018-07-11 13:49:20.501 [IPEngineApp] Starting to monitor the heartbeat signal from the hub every 3010 ms.
2018-07-11 13:49:20.508 [IPEngineApp] Starting to monitor the heartbeat signal from the hub every 3010 ms.
2018-07-11 13:49:20.514 [IPEngineApp] Starting to monitor the heartbeat signal from the hub every 3010 ms.
2018-07-11 13:49:20.524 [IPEngineApp] Starting to monitor the heartbeat signal from the hub every 3010 ms.
2018-07-11 13:49:20.531 [IPEngineApp] Starting to monitor the heartbeat signal from the hub every 3010 ms.
2018-07-11 13:49:20.539 [IPEngineApp] Starting to monitor the heartbeat signal from the hub every 3010 ms.
2018-07-11 13:49:20.546 [IPEngineApp] Starting to monitor the heartbeat signal from the hub every 3010 ms.
2018-07-11 13:49:20.421 [IPEngineApp] Starting to monitor the heartbeat signal from the hub every 3010 ms.
2018-07-11 13:49:20.568 [IPEngineApp] Starting to monitor the heartbeat signal from the hub every 3010 ms.
2018-07-11 13:49:20.584 [IPEngineApp] Starting to monitor the heartbeat signal from the hub every 3010 ms.
2018-07-11 13:49:20.588 [IPEngineApp] Starting to monitor the heartbeat signal from the hub every 3010 ms.
2018-07-11 13:49:20.594 [IPEngineApp] Completed registration with id 3
2018-07-11 13:49:20.595 [IPEngineApp] Completed registration with id 5
2018-07-11 13:49:20.597 [IPEngineApp] Completed registration with id 4
2018-07-11 13:49:20.598 [IPEngineApp] Completed registration with id 6
2018-07-11 13:49:20.602 [IPEngineApp] Completed registration with id 8
2018-07-11 13:49:20.604 [IPEngineApp] Completed registration with id 0
2018-07-11 13:49:20.605 [IPEngineApp] Completed registration with id 10
2018-07-11 13:49:20.607 [IPEngineApp] Completed registration with id 1
2018-07-11 13:49:20.611 [IPEngineApp] Completed registration with id 7
2018-07-11 13:49:20.612 [IPEngineApp] Completed registration with id 2
2018-07-11 13:49:20.616 [IPEngineApp] Completed registration with id 13
2018-07-11 13:49:20.618 [IPEngineApp] Completed registration with id 11
2018-07-11 13:49:20.619 [IPEngineApp] Completed registration with id 9
2018-07-11 13:49:20.620 [IPEngineApp] Completed registration with id 12
2018-07-11 13:49:20.622 [IPEngineApp] Completed registration with id 15
2018-07-11 13:49:20.624 [IPEngineApp] Completed registration with id 17
2018-07-11 13:49:20.625 [IPEngineApp] Completed registration with id 16
2018-07-11 13:49:20.627 [IPEngineApp] Completed registration with id 14
2018-07-11 13:49:20.631 [IPEngineApp] Starting to monitor the heartbeat signal from the hub every 3010 ms.
2018-07-11 13:49:20.641 [IPEngineApp] Completed registration with id 19
2018-07-11 13:49:20.642 [IPEngineApp] Completed registration with id 18
2018-07-11 13:49:20.644 [IPEngineApp] Completed registration with id 22
2018-07-11 13:49:20.645 [IPEngineApp] Completed registration with id 23
2018-07-11 13:49:20.649 [IPEngineApp] Completed registration with id 24
2018-07-11 13:49:20.652 [IPEngineApp] Completed registration with id 21
2018-07-11 13:49:20.660 [IPEngineApp] Completed registration with id 20
2018-07-11 13:49:20.662 [IPEngineApp] Completed registration with id 27
2018-07-11 13:49:20.664 [IPEngineApp] Completed registration with id 25
2018-07-11 13:49:20.666 [IPEngineApp] Completed registration with id 26
2018-07-11 13:49:20.674 [IPEngineApp] Completed registration with id 28
2018-07-11 13:49:20.683 [IPEngineApp] Completed registration with id 29
2018-07-11 13:49:20.723 [IPEngineApp] Starting to monitor the heartbeat signal from the hub every 3010 ms.
2018-07-11 13:49:20.740 [IPEngineApp] Starting to monitor the heartbeat signal from the hub every 3010 ms.
2018-07-11 13:49:20.742 [IPEngineApp] Completed registration with id 30
2018-07-11 13:49:20.747 [IPEngineApp] Completed registration with id 31
2018-07-11 13:49:35.308 [IPEngineApp] WARNING | No heartbeat in the last 3010 ms (1 time(s) in a row).
