2018-07-13 15:59:03.121 [IPEngineApp] Loading url_file 'ipengine.json'
2018-07-13 15:59:03.199 [IPEngineApp] Loading url_file 'ipengine.json'
2018-07-13 15:59:03.294 [IPEngineApp] Loading url_file 'ipengine.json'
2018-07-13 15:59:03.367 [IPEngineApp] Loading url_file 'ipengine.json'
2018-07-13 15:59:03.227 [IPEngineApp] Loading url_file 'ipengine.json'
2018-07-13 15:59:03.409 [IPEngineApp] Loading url_file 'ipengine.json'
2018-07-13 15:59:03.441 [IPEngineApp] Loading url_file 'ipengine.json'
2018-07-13 15:59:03.470 [IPEngineApp] Loading url_file 'ipengine.json'
2018-07-13 15:59:03.491 [IPEngineApp] Loading url_file 'ipengine.json'
2018-07-13 15:59:03.506 [IPEngineApp] Loading url_file 'ipengine.json'
2018-07-13 15:59:03.520 [IPEngineApp] Loading url_file 'ipengine.json'
2018-07-13 15:59:03.302 [IPEngineApp] Loading url_file 'ipengine.json'
2018-07-13 15:59:03.537 [IPEngineApp] Loading url_file 'ipengine.json'
2018-07-13 15:59:03.350 [IPEngineApp] Loading url_file 'ipengine.json'
2018-07-13 15:59:03.553 [IPEngineApp] Loading url_file 'ipengine.json'
2018-07-13 15:59:03.567 [IPEngineApp] Loading url_file 'ipengine.json'
2018-07-13 15:59:03.577 [IPEngineApp] Loading url_file 'ipengine.json'
2018-07-13 15:59:03.585 [IPEngineApp] Loading url_file 'ipengine.json'
2018-07-13 15:59:03.606 [IPEngineApp] Loading url_file 'ipengine.json'
2018-07-13 15:59:03.667 [IPEngineApp] Loading url_file 'ipengine.json'
2018-07-13 15:59:03.677 [IPEngineApp] Loading url_file 'ipengine.json'
2018-07-13 15:59:03.682 [IPEngineApp] Loading url_file 'ipengine.json'
2018-07-13 15:59:03.718 [IPEngineApp] Loading url_file 'ipengine.json'
2018-07-13 15:59:03.751 [IPEngineApp] Loading url_file 'ipengine.json'
2018-07-13 15:59:03.563 [IPEngineApp] Loading url_file 'ipengine.json'
2018-07-13 15:59:03.809 [IPEngineApp] Loading url_file 'ipengine.json'
2018-07-13 15:59:03.816 [IPEngineApp] Loading url_file 'ipengine.json'
2018-07-13 15:59:03.842 [IPEngineApp] Loading url_file 'ipengine.json'
2018-07-13 15:59:03.860 [IPEngineApp] Loading url_file 'ipengine.json'
2018-07-13 15:59:04.078 [IPEngineApp] Registering with controller at tcp://10.50.180.72:46221
2018-07-13 15:59:04.095 [IPEngineApp] Registering with controller at tcp://10.50.180.72:46221
2018-07-13 15:59:04.129 [IPEngineApp] Registering with controller at tcp://10.50.180.72:46221
2018-07-13 15:59:04.147 [IPEngineApp] Registering with controller at tcp://10.50.180.72:46221
2018-07-13 15:59:04.174 [IPEngineApp] Registering with controller at tcp://10.50.180.72:46221
2018-07-13 15:59:04.182 [IPEngineApp] Loading url_file 'ipengine.json'
2018-07-13 15:59:04.272 [IPEngineApp] Registering with controller at tcp://10.50.180.72:46221
2018-07-13 15:59:04.276 [IPEngineApp] Registering with controller at tcp://10.50.180.72:46221
2018-07-13 15:59:04.301 [IPEngineApp] Registering with controller at tcp://10.50.180.72:46221
2018-07-13 15:59:04.318 [IPEngineApp] Registering with controller at tcp://10.50.180.72:46221
2018-07-13 15:59:04.321 [IPEngineApp] Registering with controller at tcp://10.50.180.72:46221
2018-07-13 15:59:04.362 [IPEngineApp] Registering with controller at tcp://10.50.180.72:46221
2018-07-13 15:59:04.374 [IPEngineApp] Loading url_file 'ipengine.json'
2018-07-13 15:59:04.389 [IPEngineApp] Registering with controller at tcp://10.50.180.72:46221
2018-07-13 15:59:04.392 [IPEngineApp] Registering with controller at tcp://10.50.180.72:46221
2018-07-13 15:59:04.431 [IPEngineApp] Registering with controller at tcp://10.50.180.72:46221
2018-07-13 15:59:04.434 [IPEngineApp] Registering with controller at tcp://10.50.180.72:46221
2018-07-13 15:59:04.437 [IPEngineApp] Registering with controller at tcp://10.50.180.72:46221
2018-07-13 15:59:04.440 [IPEngineApp] Registering with controller at tcp://10.50.180.72:46221
2018-07-13 15:59:04.449 [IPEngineApp] Registering with controller at tcp://10.50.180.72:46221
2018-07-13 15:59:04.475 [IPEngineApp] Registering with controller at tcp://10.50.180.72:46221
2018-07-13 15:59:04.585 [IPEngineApp] Registering with controller at tcp://10.50.180.72:46221
2018-07-13 15:59:04.597 [IPEngineApp] Registering with controller at tcp://10.50.180.72:46221
2018-07-13 15:59:04.537 [IPEngineApp] Registering with controller at tcp://10.50.180.72:46221
2018-07-13 15:59:04.546 [IPEngineApp] Registering with controller at tcp://10.50.180.72:46221
2018-07-13 15:59:04.535 [IPEngineApp] Registering with controller at tcp://10.50.180.72:46221
2018-07-13 15:59:04.622 [IPEngineApp] Registering with controller at tcp://10.50.180.72:46221
2018-07-13 15:59:04.635 [IPEngineApp] Registering with controller at tcp://10.50.180.72:46221
2018-07-13 15:59:04.473 [IPEngineApp] Loading url_file 'ipengine.json'
2018-07-13 15:59:04.747 [IPEngineApp] Registering with controller at tcp://10.50.180.72:46221
2018-07-13 15:59:04.845 [IPEngineApp] Registering with controller at tcp://10.50.180.72:46221
2018-07-13 15:59:04.951 [IPEngineApp] Registering with controller at tcp://10.50.180.72:46221
2018-07-13 15:59:05.148 [IPEngineApp] Registering with controller at tcp://10.50.180.72:46221
2018-07-13 15:59:05.323 [IPEngineApp] Registering with controller at tcp://10.50.180.72:46221
2018-07-13 15:59:05.555 [IPEngineApp] Registering with controller at tcp://10.50.180.72:46221
2018-07-13 15:59:05.873 [IPEngineApp] Starting to monitor the heartbeat signal from the hub every 3010 ms.
2018-07-13 15:59:06.129 [IPEngineApp] Starting to monitor the heartbeat signal from the hub every 3010 ms.
2018-07-13 15:59:06.146 [IPEngineApp] Starting to monitor the heartbeat signal from the hub every 3010 ms.
2018-07-13 15:59:06.048 [IPEngineApp] Starting to monitor the heartbeat signal from the hub every 3010 ms.
2018-07-13 15:59:06.214 [IPEngineApp] Starting to monitor the heartbeat signal from the hub every 3010 ms.
2018-07-13 15:59:06.222 [IPEngineApp] Starting to monitor the heartbeat signal from the hub every 3010 ms.
2018-07-13 15:59:05.942 [IPEngineApp] Starting to monitor the heartbeat signal from the hub every 3010 ms.
2018-07-13 15:59:06.260 [IPEngineApp] Starting to monitor the heartbeat signal from the hub every 3010 ms.
2018-07-13 15:59:06.287 [IPEngineApp] Starting to monitor the heartbeat signal from the hub every 3010 ms.
2018-07-13 15:59:06.311 [IPEngineApp] Starting to monitor the heartbeat signal from the hub every 3010 ms.
2018-07-13 15:59:06.326 [IPEngineApp] Completed registration with id 0
2018-07-13 15:59:06.350 [IPEngineApp] Completed registration with id 4
2018-07-13 15:59:06.354 [IPEngineApp] Starting to monitor the heartbeat signal from the hub every 3010 ms.
2018-07-13 15:59:06.356 [IPEngineApp] Completed registration with id 2
2018-07-13 15:59:06.362 [IPEngineApp] Completed registration with id 1
2018-07-13 15:59:06.367 [IPEngineApp] Completed registration with id 5
2018-07-13 15:59:06.360 [IPEngineApp] Starting to monitor the heartbeat signal from the hub every 3010 ms.
2018-07-13 15:59:06.358 [IPEngineApp] Starting to monitor the heartbeat signal from the hub every 3010 ms.
2018-07-13 15:59:06.420 [IPEngineApp] Completed registration with id 3
2018-07-13 15:59:06.303 [IPEngineApp] Starting to monitor the heartbeat signal from the hub every 3010 ms.
2018-07-13 15:59:06.365 [IPEngineApp] Starting to monitor the heartbeat signal from the hub every 3010 ms.
2018-07-13 15:59:06.376 [IPEngineApp] Starting to monitor the heartbeat signal from the hub every 3010 ms.
2018-07-13 15:59:06.409 [IPEngineApp] Starting to monitor the heartbeat signal from the hub every 3010 ms.
2018-07-13 15:59:06.400 [IPEngineApp] Starting to monitor the heartbeat signal from the hub every 3010 ms.
2018-07-13 15:59:06.501 [IPEngineApp] Starting to monitor the heartbeat signal from the hub every 3010 ms.
2018-07-13 15:59:06.392 [IPEngineApp] Starting to monitor the heartbeat signal from the hub every 3010 ms.
2018-07-13 15:59:06.515 [IPEngineApp] Starting to monitor the heartbeat signal from the hub every 3010 ms.
2018-07-13 15:59:06.518 [IPEngineApp] Completed registration with id 6
2018-07-13 15:59:06.521 [IPEngineApp] Completed registration with id 7
2018-07-13 15:59:06.525 [IPEngineApp] Starting to monitor the heartbeat signal from the hub every 3010 ms.
2018-07-13 15:59:06.534 [IPEngineApp] Starting to monitor the heartbeat signal from the hub every 3010 ms.
2018-07-13 15:59:06.551 [IPEngineApp] Starting to monitor the heartbeat signal from the hub every 3010 ms.
2018-07-13 15:59:06.560 [IPEngineApp] Completed registration with id 8
2018-07-13 15:59:06.563 [IPEngineApp] Completed registration with id 10
2018-07-13 15:59:06.565 [IPEngineApp] Completed registration with id 11
2018-07-13 15:59:06.568 [IPEngineApp] Starting to monitor the heartbeat signal from the hub every 3010 ms.
2018-07-13 15:59:06.574 [IPEngineApp] Completed registration with id 9
2018-07-13 15:59:06.576 [IPEngineApp] Starting to monitor the heartbeat signal from the hub every 3010 ms.
2018-07-13 15:59:06.583 [IPEngineApp] Completed registration with id 12
2018-07-13 15:59:06.585 [IPEngineApp] Completed registration with id 13
2018-07-13 15:59:06.595 [IPEngineApp] Completed registration with id 15
2018-07-13 15:59:06.596 [IPEngineApp] Completed registration with id 14
2018-07-13 15:59:06.615 [IPEngineApp] Completed registration with id 16
2018-07-13 15:59:06.543 [IPEngineApp] Starting to monitor the heartbeat signal from the hub every 3010 ms.
2018-07-13 15:59:06.621 [IPEngineApp] Completed registration with id 21
2018-07-13 15:59:06.640 [IPEngineApp] Completed registration with id 22
2018-07-13 15:59:06.647 [IPEngineApp] Completed registration with id 18
2018-07-13 15:59:06.649 [IPEngineApp] Completed registration with id 23
2018-07-13 15:59:06.650 [IPEngineApp] Completed registration with id 25
2018-07-13 15:59:06.652 [IPEngineApp] Completed registration with id 17
2018-07-13 15:59:06.654 [IPEngineApp] Completed registration with id 19
2018-07-13 15:59:06.656 [IPEngineApp] Completed registration with id 26
2018-07-13 15:59:06.657 [IPEngineApp] Completed registration with id 24
2018-07-13 15:59:06.659 [IPEngineApp] Starting to monitor the heartbeat signal from the hub every 3010 ms.
2018-07-13 15:59:06.675 [IPEngineApp] Completed registration with id 20
2018-07-13 15:59:06.680 [IPEngineApp] Starting to monitor the heartbeat signal from the hub every 3010 ms.
2018-07-13 15:59:06.686 [IPEngineApp] Starting to monitor the heartbeat signal from the hub every 3010 ms.
2018-07-13 15:59:06.711 [IPEngineApp] Starting to monitor the heartbeat signal from the hub every 3010 ms.
2018-07-13 15:59:06.716 [IPEngineApp] Completed registration with id 28
2018-07-13 15:59:06.693 [IPEngineApp] Starting to monitor the heartbeat signal from the hub every 3010 ms.
2018-07-13 15:59:06.724 [IPEngineApp] Completed registration with id 29
2018-07-13 15:59:06.725 [IPEngineApp] Completed registration with id 27
2018-07-13 15:59:06.731 [IPEngineApp] Completed registration with id 30
2018-07-13 15:59:06.733 [IPEngineApp] Completed registration with id 31
