2018-07-11 14:12:56.512 [IPEngineApp] Loading url_file 'ipengine.json'
2018-07-11 14:12:56.522 [IPEngineApp] Loading url_file 'ipengine.json'
2018-07-11 14:12:56.572 [IPEngineApp] Loading url_file 'ipengine.json'
2018-07-11 14:12:56.573 [IPEngineApp] Loading url_file 'ipengine.json'
2018-07-11 14:12:56.574 [IPEngineApp] Loading url_file 'ipengine.json'
2018-07-11 14:12:56.568 [IPEngineApp] Loading url_file 'ipengine.json'
2018-07-11 14:12:56.551 [IPEngineApp] Loading url_file 'ipengine.json'
2018-07-11 14:12:56.575 [IPEngineApp] Loading url_file 'ipengine.json'
2018-07-11 14:12:56.533 [IPEngineApp] Loading url_file 'ipengine.json'
2018-07-11 14:12:56.587 [IPEngineApp] Loading url_file 'ipengine.json'
2018-07-11 14:12:56.588 [IPEngineApp] Loading url_file 'ipengine.json'
2018-07-11 14:12:56.570 [IPEngineApp] Loading url_file 'ipengine.json'
2018-07-11 14:12:56.598 [IPEngineApp] Loading url_file 'ipengine.json'
2018-07-11 14:12:56.565 [IPEngineApp] Loading url_file 'ipengine.json'
2018-07-11 14:12:56.562 [IPEngineApp] Loading url_file 'ipengine.json'
2018-07-11 14:12:56.651 [IPEngineApp] Loading url_file 'ipengine.json'
2018-07-11 14:12:56.904 [IPEngineApp] Registering with controller at tcp://10.50.180.72:58073
2018-07-11 14:12:56.907 [IPEngineApp] Registering with controller at tcp://10.50.180.72:58073
2018-07-11 14:12:56.909 [IPEngineApp] Registering with controller at tcp://10.50.180.72:58073
2018-07-11 14:12:56.912 [IPEngineApp] Registering with controller at tcp://10.50.180.72:58073
2018-07-11 14:12:56.915 [IPEngineApp] Registering with controller at tcp://10.50.180.72:58073
2018-07-11 14:12:56.918 [IPEngineApp] Registering with controller at tcp://10.50.180.72:58073
2018-07-11 14:12:56.920 [IPEngineApp] Registering with controller at tcp://10.50.180.72:58073
2018-07-11 14:12:56.923 [IPEngineApp] Registering with controller at tcp://10.50.180.72:58073
2018-07-11 14:12:56.927 [IPEngineApp] Registering with controller at tcp://10.50.180.72:58073
2018-07-11 14:12:56.930 [IPEngineApp] Registering with controller at tcp://10.50.180.72:58073
2018-07-11 14:12:56.932 [IPEngineApp] Registering with controller at tcp://10.50.180.72:58073
2018-07-11 14:12:56.935 [IPEngineApp] Registering with controller at tcp://10.50.180.72:58073
2018-07-11 14:12:56.938 [IPEngineApp] Registering with controller at tcp://10.50.180.72:58073
2018-07-11 14:12:56.940 [IPEngineApp] Registering with controller at tcp://10.50.180.72:58073
2018-07-11 14:12:56.947 [IPEngineApp] Registering with controller at tcp://10.50.180.72:58073
2018-07-11 14:12:56.964 [IPEngineApp] Registering with controller at tcp://10.50.180.72:58073
2018-07-11 14:12:57.734 [IPEngineApp] Starting to monitor the heartbeat signal from the hub every 3010 ms.
2018-07-11 14:12:57.752 [IPEngineApp] Starting to monitor the heartbeat signal from the hub every 3010 ms.
2018-07-11 14:12:57.768 [IPEngineApp] Starting to monitor the heartbeat signal from the hub every 3010 ms.
2018-07-11 14:12:57.771 [IPEngineApp] Starting to monitor the heartbeat signal from the hub every 3010 ms.
2018-07-11 14:12:57.774 [IPEngineApp] Starting to monitor the heartbeat signal from the hub every 3010 ms.
2018-07-11 14:12:57.779 [IPEngineApp] Starting to monitor the heartbeat signal from the hub every 3010 ms.
2018-07-11 14:12:57.784 [IPEngineApp] Starting to monitor the heartbeat signal from the hub every 3010 ms.
2018-07-11 14:12:57.789 [IPEngineApp] Starting to monitor the heartbeat signal from the hub every 3010 ms.
2018-07-11 14:12:57.793 [IPEngineApp] Starting to monitor the heartbeat signal from the hub every 3010 ms.
2018-07-11 14:12:57.798 [IPEngineApp] Starting to monitor the heartbeat signal from the hub every 3010 ms.
2018-07-11 14:12:57.804 [IPEngineApp] Starting to monitor the heartbeat signal from the hub every 3010 ms.
2018-07-11 14:12:57.808 [IPEngineApp] Starting to monitor the heartbeat signal from the hub every 3010 ms.
2018-07-11 14:12:57.821 [IPEngineApp] Starting to monitor the heartbeat signal from the hub every 3010 ms.
2018-07-11 14:12:57.822 [IPEngineApp] Starting to monitor the heartbeat signal from the hub every 3010 ms.
2018-07-11 14:12:57.823 [IPEngineApp] Starting to monitor the heartbeat signal from the hub every 3010 ms.
2018-07-11 14:12:57.847 [IPEngineApp] Completed registration with id 4
2018-07-11 14:12:57.849 [IPEngineApp] Completed registration with id 1
2018-07-11 14:12:57.850 [IPEngineApp] Completed registration with id 3
2018-07-11 14:12:57.852 [IPEngineApp] Completed registration with id 0
2018-07-11 14:12:57.853 [IPEngineApp] Completed registration with id 5
2018-07-11 14:12:57.855 [IPEngineApp] Completed registration with id 2
2018-07-11 14:12:57.856 [IPEngineApp] Completed registration with id 6
2018-07-11 14:12:57.858 [IPEngineApp] Completed registration with id 7
2018-07-11 14:12:57.860 [IPEngineApp] Completed registration with id 8
2018-07-11 14:12:57.861 [IPEngineApp] Completed registration with id 10
2018-07-11 14:12:57.862 [IPEngineApp] Completed registration with id 9
2018-07-11 14:12:57.863 [IPEngineApp] Starting to monitor the heartbeat signal from the hub every 3010 ms.
2018-07-11 14:12:57.869 [IPEngineApp] Completed registration with id 12
2018-07-11 14:12:57.870 [IPEngineApp] Completed registration with id 13
2018-07-11 14:12:57.873 [IPEngineApp] Completed registration with id 11
2018-07-11 14:12:57.873 [IPEngineApp] Completed registration with id 14
2018-07-11 14:12:57.876 [IPEngineApp] Completed registration with id 15
