2018-06-28 14:24:33.784 [IPEngineApp] Loading url_file 'ipengine.json'
2018-06-28 14:24:33.805 [IPEngineApp] Loading url_file 'ipengine.json'
2018-06-28 14:24:33.801 [IPEngineApp] Loading url_file 'ipengine.json'
2018-06-28 14:24:33.821 [IPEngineApp] Loading url_file 'ipengine.json'
2018-06-28 14:24:33.875 [IPEngineApp] Registering with controller at tcp://10.50.180.71:56376
2018-06-28 14:24:33.891 [IPEngineApp] Registering with controller at tcp://10.50.180.71:56376
2018-06-28 14:24:33.893 [IPEngineApp] Registering with controller at tcp://10.50.180.71:56376
2018-06-28 14:24:33.901 [IPEngineApp] Registering with controller at tcp://10.50.180.71:56376
2018-06-28 14:24:34.104 [IPEngineApp] Starting to monitor the heartbeat signal from the hub every 3010 ms.
2018-06-28 14:24:34.110 [IPEngineApp] Starting to monitor the heartbeat signal from the hub every 3010 ms.
2018-06-28 14:24:34.118 [IPEngineApp] Starting to monitor the heartbeat signal from the hub every 3010 ms.
2018-06-28 14:24:34.094 [IPEngineApp] Starting to monitor the heartbeat signal from the hub every 3010 ms.
2018-06-28 14:24:34.132 [IPEngineApp] Completed registration with id 29
2018-06-28 14:24:34.133 [IPEngineApp] Completed registration with id 30
2018-06-28 14:24:34.134 [IPEngineApp] Completed registration with id 28
2018-06-28 14:24:34.135 [IPEngineApp] Completed registration with id 31
