2018-07-19 07:39:20.857 [IPEngineApp] Loading url_file 'ipengine.json'
2018-07-19 07:39:22.105 [IPEngineApp] Registering with controller at tcp://10.50.180.72:39155
2018-07-19 07:39:22.578 [IPEngineApp] Loading url_file 'ipengine.json'
2018-07-19 07:39:22.869 [IPEngineApp] Starting to monitor the heartbeat signal from the hub every 3010 ms.
2018-07-19 07:39:22.896 [IPEngineApp] Completed registration with id 0
2018-07-19 07:39:23.530 [IPEngineApp] Registering with controller at tcp://10.50.180.72:39155
2018-07-19 07:39:23.858 [IPEngineApp] Loading url_file 'ipengine.json'
2018-07-19 07:39:23.907 [IPEngineApp] Loading url_file 'ipengine.json'
2018-07-19 07:39:24.022 [IPEngineApp] Loading url_file 'ipengine.json'
2018-07-19 07:39:24.088 [IPEngineApp] Loading url_file 'ipengine.json'
2018-07-19 07:39:24.361 [IPEngineApp] Loading url_file 'ipengine.json'
2018-07-19 07:39:24.424 [IPEngineApp] Loading url_file 'ipengine.json'
2018-07-19 07:39:24.603 [IPEngineApp] Registering with controller at tcp://10.50.180.72:39155
2018-07-19 07:39:24.627 [IPEngineApp] Registering with controller at tcp://10.50.180.72:39155
2018-07-19 07:39:24.707 [IPEngineApp] Loading url_file 'ipengine.json'
2018-07-19 07:39:24.833 [IPEngineApp] Registering with controller at tcp://10.50.180.72:39155
2018-07-19 07:39:24.836 [IPEngineApp] Registering with controller at tcp://10.50.180.72:39155
2018-07-19 07:39:25.158 [IPEngineApp] Registering with controller at tcp://10.50.180.72:39155
2018-07-19 07:39:25.179 [IPEngineApp] Registering with controller at tcp://10.50.180.72:39155
2018-07-19 07:39:25.204 [IPEngineApp] Starting to monitor the heartbeat signal from the hub every 3010 ms.
2018-07-19 07:39:25.448 [IPEngineApp] Registering with controller at tcp://10.50.180.72:39155
2018-07-19 07:39:25.461 [IPEngineApp] Completed registration with id 1
2018-07-19 07:39:25.968 [IPEngineApp] Loading url_file 'ipengine.json'
2018-07-19 07:39:26.253 [IPEngineApp] Starting to monitor the heartbeat signal from the hub every 3010 ms.
2018-07-19 07:39:26.301 [IPEngineApp] Starting to monitor the heartbeat signal from the hub every 3010 ms.
2018-07-19 07:39:26.414 [IPEngineApp] Loading url_file 'ipengine.json'
2018-07-19 07:39:26.462 [IPEngineApp] Loading url_file 'ipengine.json'
2018-07-19 07:39:26.479 [IPEngineApp] Loading url_file 'ipengine.json'
2018-07-19 07:39:26.521 [IPEngineApp] Completed registration with id 2
2018-07-19 07:39:26.526 [IPEngineApp] Completed registration with id 3
2018-07-19 07:39:26.533 [IPEngineApp] Starting to monitor the heartbeat signal from the hub every 3010 ms.
2018-07-19 07:39:26.569 [IPEngineApp] Starting to monitor the heartbeat signal from the hub every 3010 ms.
2018-07-19 07:39:26.689 [IPEngineApp] Loading url_file 'ipengine.json'
2018-07-19 07:39:26.695 [IPEngineApp] Registering with controller at tcp://10.50.180.72:39155
2018-07-19 07:39:26.606 [IPEngineApp] Loading url_file 'ipengine.json'
2018-07-19 07:39:26.755 [IPEngineApp] Starting to monitor the heartbeat signal from the hub every 3010 ms.
2018-07-19 07:39:26.767 [IPEngineApp] Completed registration with id 4
2018-07-19 07:39:26.774 [IPEngineApp] Completed registration with id 5
2018-07-19 07:39:26.824 [IPEngineApp] Loading url_file 'ipengine.json'
2018-07-19 07:39:26.748 [IPEngineApp] Starting to monitor the heartbeat signal from the hub every 3010 ms.
2018-07-19 07:39:26.923 [IPEngineApp] Starting to monitor the heartbeat signal from the hub every 3010 ms.
2018-07-19 07:39:26.999 [IPEngineApp] Completed registration with id 6
2018-07-19 07:39:27.023 [IPEngineApp] Completed registration with id 7
2018-07-19 07:39:27.072 [IPEngineApp] Registering with controller at tcp://10.50.180.72:39155
2018-07-19 07:39:27.075 [IPEngineApp] Registering with controller at tcp://10.50.180.72:39155
2018-07-19 07:39:27.096 [IPEngineApp] Registering with controller at tcp://10.50.180.72:39155
2018-07-19 07:39:27.121 [IPEngineApp] Loading url_file 'ipengine.json'
2018-07-19 07:39:27.139 [IPEngineApp] Loading url_file 'ipengine.json'
2018-07-19 07:39:27.210 [IPEngineApp] Completed registration with id 8
2018-07-19 07:39:27.213 [IPEngineApp] Registering with controller at tcp://10.50.180.72:39155
2018-07-19 07:39:27.265 [IPEngineApp] Registering with controller at tcp://10.50.180.72:39155
2018-07-19 07:39:27.467 [IPEngineApp] Starting to monitor the heartbeat signal from the hub every 3010 ms.
2018-07-19 07:39:27.474 [IPEngineApp] Completed registration with id 9
2018-07-19 07:39:27.562 [IPEngineApp] Starting to monitor the heartbeat signal from the hub every 3010 ms.
2018-07-19 07:39:27.573 [IPEngineApp] Completed registration with id 13
2018-07-19 07:39:27.794 [IPEngineApp] Registering with controller at tcp://10.50.180.72:39155
2018-07-19 07:39:27.840 [IPEngineApp] Registering with controller at tcp://10.50.180.72:39155
2018-07-19 07:39:27.855 [IPEngineApp] Loading url_file 'ipengine.json'
2018-07-19 07:39:27.933 [IPEngineApp] Starting to monitor the heartbeat signal from the hub every 3010 ms.
2018-07-19 07:39:27.945 [IPEngineApp] Starting to monitor the heartbeat signal from the hub every 3010 ms.
2018-07-19 07:39:27.966 [IPEngineApp] Completed registration with id 11
2018-07-19 07:39:28.022 [IPEngineApp] Loading url_file 'ipengine.json'
2018-07-19 07:39:28.051 [IPEngineApp] Starting to monitor the heartbeat signal from the hub every 3010 ms.
2018-07-19 07:39:28.178 [IPEngineApp] Completed registration with id 12
2018-07-19 07:39:28.179 [IPEngineApp] Completed registration with id 14
2018-07-19 07:39:28.253 [IPEngineApp] Registering with controller at tcp://10.50.180.72:39155
2018-07-19 07:39:28.318 [IPEngineApp] Loading url_file 'ipengine.json'
2018-07-19 07:39:28.353 [IPEngineApp] Registering with controller at tcp://10.50.180.72:39155
2018-07-19 07:39:28.423 [IPEngineApp] Registering with controller at tcp://10.50.180.72:39155
2018-07-19 07:39:28.425 [IPEngineApp] Starting to monitor the heartbeat signal from the hub every 3010 ms.
2018-07-19 07:39:28.553 [IPEngineApp] Completed registration with id 10
2018-07-19 07:39:28.599 [IPEngineApp] Loading url_file 'ipengine.json'
2018-07-19 07:39:28.683 [IPEngineApp] Loading url_file 'ipengine.json'
2018-07-19 07:39:28.753 [IPEngineApp] Starting to monitor the heartbeat signal from the hub every 3010 ms.
2018-07-19 07:39:28.794 [IPEngineApp] Registering with controller at tcp://10.50.180.72:39155
2018-07-19 07:39:28.849 [IPEngineApp] Starting to monitor the heartbeat signal from the hub every 3010 ms.
2018-07-19 07:39:28.780 [IPEngineApp] Loading url_file 'ipengine.json'
2018-07-19 07:39:28.875 [IPEngineApp] Starting to monitor the heartbeat signal from the hub every 3010 ms.
2018-07-19 07:39:28.886 [IPEngineApp] Completed registration with id 16
2018-07-19 07:39:28.959 [IPEngineApp] Registering with controller at tcp://10.50.180.72:39155
2018-07-19 07:39:28.963 [IPEngineApp] Completed registration with id 15
2018-07-19 07:39:28.983 [IPEngineApp] Starting to monitor the heartbeat signal from the hub every 3010 ms.
2018-07-19 07:39:29.036 [IPEngineApp] Completed registration with id 18
2018-07-19 07:39:29.130 [IPEngineApp] Loading url_file 'ipengine.json'
2018-07-19 07:39:29.134 [IPEngineApp] Completed registration with id 17
2018-07-19 07:39:29.149 [IPEngineApp] Loading url_file 'ipengine.json'
2018-07-19 07:39:29.170 [IPEngineApp] Starting to monitor the heartbeat signal from the hub every 3010 ms.
2018-07-19 07:39:29.223 [IPEngineApp] Completed registration with id 19
2018-07-19 07:39:29.308 [IPEngineApp] Loading url_file 'ipengine.json'
2018-07-19 07:39:29.314 [IPEngineApp] Registering with controller at tcp://10.50.180.72:39155
2018-07-19 07:39:29.406 [IPEngineApp] Registering with controller at tcp://10.50.180.72:39155
2018-07-19 07:39:29.411 [IPEngineApp] Registering with controller at tcp://10.50.180.72:39155
2018-07-19 07:39:29.416 [IPEngineApp] Starting to monitor the heartbeat signal from the hub every 3010 ms.
2018-07-19 07:39:29.425 [IPEngineApp] Registering with controller at tcp://10.50.180.72:39155
2018-07-19 07:39:29.295 [IPEngineApp] Loading url_file 'ipengine.json'
2018-07-19 07:39:29.594 [IPEngineApp] Loading url_file 'ipengine.json'
2018-07-19 07:39:29.636 [IPEngineApp] Completed registration with id 20
2018-07-19 07:39:29.668 [IPEngineApp] Starting to monitor the heartbeat signal from the hub every 3010 ms.
2018-07-19 07:39:29.672 [IPEngineApp] Registering with controller at tcp://10.50.180.72:39155
2018-07-19 07:39:29.806 [IPEngineApp] Completed registration with id 21
2018-07-19 07:39:29.788 [IPEngineApp] Registering with controller at tcp://10.50.180.72:39155
2018-07-19 07:39:29.856 [IPEngineApp] Registering with controller at tcp://10.50.180.72:39155
2018-07-19 07:39:29.922 [IPEngineApp] Loading url_file 'ipengine.json'
2018-07-19 07:39:30.139 [IPEngineApp] Starting to monitor the heartbeat signal from the hub every 3010 ms.
2018-07-19 07:39:30.282 [IPEngineApp] Starting to monitor the heartbeat signal from the hub every 3010 ms.
2018-07-19 07:39:30.359 [IPEngineApp] Registering with controller at tcp://10.50.180.72:39155
2018-07-19 07:39:30.362 [IPEngineApp] Completed registration with id 22
2018-07-19 07:39:30.402 [IPEngineApp] Loading url_file 'ipengine.json'
2018-07-19 07:39:30.450 [IPEngineApp] Completed registration with id 23
2018-07-19 07:39:30.478 [IPEngineApp] Starting to monitor the heartbeat signal from the hub every 3010 ms.
2018-07-19 07:39:30.538 [IPEngineApp] Starting to monitor the heartbeat signal from the hub every 3010 ms.
2018-07-19 07:39:30.576 [IPEngineApp] Completed registration with id 24
2018-07-19 07:39:30.620 [IPEngineApp] Starting to monitor the heartbeat signal from the hub every 3010 ms.
2018-07-19 07:39:30.639 [IPEngineApp] Registering with controller at tcp://10.50.180.72:39155
2018-07-19 07:39:30.662 [IPEngineApp] Completed registration with id 27
2018-07-19 07:39:30.667 [IPEngineApp] Starting to monitor the heartbeat signal from the hub every 3010 ms.
2018-07-19 07:39:30.692 [IPEngineApp] Completed registration with id 26
2018-07-19 07:39:30.728 [IPEngineApp] Starting to monitor the heartbeat signal from the hub every 3010 ms.
2018-07-19 07:39:30.855 [IPEngineApp] Completed registration with id 25
2018-07-19 07:39:30.859 [IPEngineApp] Completed registration with id 28
2018-07-19 07:39:30.975 [IPEngineApp] Starting to monitor the heartbeat signal from the hub every 3010 ms.
2018-07-19 07:39:31.010 [IPEngineApp] Completed registration with id 29
2018-07-19 07:39:31.083 [IPEngineApp] Starting to monitor the heartbeat signal from the hub every 3010 ms.
2018-07-19 07:39:31.089 [IPEngineApp] Completed registration with id 30
2018-07-19 07:39:31.432 [IPEngineApp] Loading url_file 'ipengine.json'
2018-07-19 07:39:31.659 [IPEngineApp] Registering with controller at tcp://10.50.180.72:39155
2018-07-19 07:39:32.249 [IPEngineApp] Starting to monitor the heartbeat signal from the hub every 3010 ms.
2018-07-19 07:39:32.322 [IPEngineApp] Completed registration with id 31
