2018-07-02 16:43:36.187 [IPEngineApp] Loading url_file 'ipengine.json'
2018-07-02 16:43:36.200 [IPEngineApp] Loading url_file 'ipengine.json'
2018-07-02 16:43:36.247 [IPEngineApp] Loading url_file 'ipengine.json'
2018-07-02 16:43:36.429 [IPEngineApp] Loading url_file 'ipengine.json'
2018-07-02 16:43:36.453 [IPEngineApp] Loading url_file 'ipengine.json'
2018-07-02 16:43:37.901 [IPEngineApp] Loading url_file 'ipengine.json'
2018-07-02 16:43:37.922 [IPEngineApp] Loading url_file 'ipengine.json'
2018-07-02 16:43:37.952 [IPEngineApp] Loading url_file 'ipengine.json'
2018-07-02 16:43:37.981 [IPEngineApp] Loading url_file 'ipengine.json'
2018-07-02 16:43:37.987 [IPEngineApp] Loading url_file 'ipengine.json'
2018-07-02 16:43:37.992 [IPEngineApp] Loading url_file 'ipengine.json'
2018-07-02 16:43:38.019 [IPEngineApp] Loading url_file 'ipengine.json'
2018-07-02 16:43:38.030 [IPEngineApp] Loading url_file 'ipengine.json'
2018-07-02 16:43:38.064 [IPEngineApp] Loading url_file 'ipengine.json'
2018-07-02 16:43:38.078 [IPEngineApp] Loading url_file 'ipengine.json'
2018-07-02 16:43:38.195 [IPEngineApp] Loading url_file 'ipengine.json'
2018-07-02 16:43:38.215 [IPEngineApp] Loading url_file 'ipengine.json'
2018-07-02 16:43:38.223 [IPEngineApp] Loading url_file 'ipengine.json'
2018-07-02 16:43:38.273 [IPEngineApp] Loading url_file 'ipengine.json'
2018-07-02 16:43:38.283 [IPEngineApp] Loading url_file 'ipengine.json'
2018-07-02 16:43:38.286 [IPEngineApp] Loading url_file 'ipengine.json'
2018-07-02 16:43:38.303 [IPEngineApp] Loading url_file 'ipengine.json'
2018-07-02 16:43:38.334 [IPEngineApp] Loading url_file 'ipengine.json'
2018-07-02 16:43:38.354 [IPEngineApp] Loading url_file 'ipengine.json'
2018-07-02 16:43:38.363 [IPEngineApp] Loading url_file 'ipengine.json'
2018-07-02 16:43:38.365 [IPEngineApp] Loading url_file 'ipengine.json'
2018-07-02 16:43:38.388 [IPEngineApp] Loading url_file 'ipengine.json'
2018-07-02 16:43:38.394 [IPEngineApp] Loading url_file 'ipengine.json'
2018-07-02 16:43:38.412 [IPEngineApp] Loading url_file 'ipengine.json'
2018-07-02 16:43:38.433 [IPEngineApp] Loading url_file 'ipengine.json'
2018-07-02 16:43:38.446 [IPEngineApp] Loading url_file 'ipengine.json'
2018-07-02 16:43:38.457 [IPEngineApp] Loading url_file 'ipengine.json'
2018-07-02 16:43:38.483 [IPEngineApp] Loading url_file 'ipengine.json'
2018-07-02 16:43:38.497 [IPEngineApp] Loading url_file 'ipengine.json'
2018-07-02 16:43:38.502 [IPEngineApp] Loading url_file 'ipengine.json'
2018-07-02 16:43:38.510 [IPEngineApp] Loading url_file 'ipengine.json'
2018-07-02 16:43:38.527 [IPEngineApp] Loading url_file 'ipengine.json'
2018-07-02 16:43:38.602 [IPEngineApp] Loading url_file 'ipengine.json'
2018-07-02 16:43:38.606 [IPEngineApp] Registering with controller at tcp://10.50.180.71:56772
2018-07-02 16:43:38.610 [IPEngineApp] Registering with controller at tcp://10.50.180.71:56772
2018-07-02 16:43:38.613 [IPEngineApp] Loading url_file 'ipengine.json'
2018-07-02 16:43:38.654 [IPEngineApp] Loading url_file 'ipengine.json'
2018-07-02 16:43:38.662 [IPEngineApp] Loading url_file 'ipengine.json'
2018-07-02 16:43:38.684 [IPEngineApp] Loading url_file 'ipengine.json'
2018-07-02 16:43:38.714 [IPEngineApp] Registering with controller at tcp://10.50.180.71:56772
2018-07-02 16:43:38.717 [IPEngineApp] Loading url_file 'ipengine.json'
2018-07-02 16:43:38.720 [IPEngineApp] Loading url_file 'ipengine.json'
2018-07-02 16:43:38.751 [IPEngineApp] Loading url_file 'ipengine.json'
2018-07-02 16:43:38.913 [IPEngineApp] Registering with controller at tcp://10.50.180.71:56772
2018-07-02 16:43:38.916 [IPEngineApp] Registering with controller at tcp://10.50.180.71:56772
2018-07-02 16:43:38.929 [IPEngineApp] Registering with controller at tcp://10.50.180.71:56772
2018-07-02 16:43:38.935 [IPEngineApp] Registering with controller at tcp://10.50.180.71:56772
2018-07-02 16:43:38.949 [IPEngineApp] Registering with controller at tcp://10.50.180.71:56772
2018-07-02 16:43:39.000 [IPEngineApp] Loading url_file 'ipengine.json'
2018-07-02 16:43:39.003 [IPEngineApp] Registering with controller at tcp://10.50.180.71:56772
2018-07-02 16:43:39.011 [IPEngineApp] Registering with controller at tcp://10.50.180.71:56772
2018-07-02 16:43:39.036 [IPEngineApp] Registering with controller at tcp://10.50.180.71:56772
2018-07-02 16:43:39.043 [IPEngineApp] Registering with controller at tcp://10.50.180.71:56772
2018-07-02 16:43:39.009 [IPEngineApp] Loading url_file 'ipengine.json'
2018-07-02 16:43:39.091 [IPEngineApp] Registering with controller at tcp://10.50.180.71:56772
2018-07-02 16:43:39.058 [IPEngineApp] Registering with controller at tcp://10.50.180.71:56772
2018-07-02 16:43:39.059 [IPEngineApp] Registering with controller at tcp://10.50.180.71:56772
2018-07-02 16:43:39.174 [IPEngineApp] Registering with controller at tcp://10.50.180.71:56772
2018-07-02 16:43:39.181 [IPEngineApp] Registering with controller at tcp://10.50.180.71:56772
2018-07-02 16:43:39.184 [IPEngineApp] Registering with controller at tcp://10.50.180.71:56772
2018-07-02 16:43:39.224 [IPEngineApp] Registering with controller at tcp://10.50.180.71:56772
2018-07-02 16:43:39.232 [IPEngineApp] Registering with controller at tcp://10.50.180.71:56772
2018-07-02 16:43:39.235 [IPEngineApp] Registering with controller at tcp://10.50.180.71:56772
2018-07-02 16:43:39.253 [IPEngineApp] Registering with controller at tcp://10.50.180.71:56772
2018-07-02 16:43:39.256 [IPEngineApp] Registering with controller at tcp://10.50.180.71:56772
2018-07-02 16:43:39.269 [IPEngineApp] Registering with controller at tcp://10.50.180.71:56772
2018-07-02 16:43:39.277 [IPEngineApp] Registering with controller at tcp://10.50.180.71:56772
2018-07-02 16:43:39.283 [IPEngineApp] Registering with controller at tcp://10.50.180.71:56772
2018-07-02 16:43:39.286 [IPEngineApp] Registering with controller at tcp://10.50.180.71:56772
2018-07-02 16:43:39.289 [IPEngineApp] Registering with controller at tcp://10.50.180.71:56772
2018-07-02 16:43:39.291 [IPEngineApp] Registering with controller at tcp://10.50.180.71:56772
2018-07-02 16:43:39.294 [IPEngineApp] Registering with controller at tcp://10.50.180.71:56772
2018-07-02 16:43:39.317 [IPEngineApp] Registering with controller at tcp://10.50.180.71:56772
2018-07-02 16:43:39.320 [IPEngineApp] Registering with controller at tcp://10.50.180.71:56772
2018-07-02 16:43:39.322 [IPEngineApp] Registering with controller at tcp://10.50.180.71:56772
2018-07-02 16:43:39.325 [IPEngineApp] Registering with controller at tcp://10.50.180.71:56772
2018-07-02 16:43:39.328 [IPEngineApp] Registering with controller at tcp://10.50.180.71:56772
2018-07-02 16:43:39.335 [IPEngineApp] Registering with controller at tcp://10.50.180.71:56772
2018-07-02 16:43:39.339 [IPEngineApp] Registering with controller at tcp://10.50.180.71:56772
2018-07-02 16:43:39.359 [IPEngineApp] Registering with controller at tcp://10.50.180.71:56772
2018-07-02 16:43:39.361 [IPEngineApp] Registering with controller at tcp://10.50.180.71:56772
2018-07-02 16:43:39.365 [IPEngineApp] Registering with controller at tcp://10.50.180.71:56772
2018-07-02 16:43:39.368 [IPEngineApp] Registering with controller at tcp://10.50.180.71:56772
2018-07-02 16:43:39.371 [IPEngineApp] Registering with controller at tcp://10.50.180.71:56772
2018-07-02 16:43:39.374 [IPEngineApp] Registering with controller at tcp://10.50.180.71:56772
2018-07-02 16:43:39.376 [IPEngineApp] Registering with controller at tcp://10.50.180.71:56772
2018-07-02 16:43:39.388 [IPEngineApp] Registering with controller at tcp://10.50.180.71:56772
2018-07-02 16:43:39.391 [IPEngineApp] Registering with controller at tcp://10.50.180.71:56772
2018-07-02 16:43:39.393 [IPEngineApp] Registering with controller at tcp://10.50.180.71:56772
2018-07-02 16:43:40.851 [IPEngineApp] Loading url_file 'ipengine.json'
2018-07-02 16:43:40.870 [IPEngineApp] Loading url_file 'ipengine.json'
2018-07-02 16:43:40.898 [IPEngineApp] Loading url_file 'ipengine.json'
2018-07-02 16:43:40.905 [IPEngineApp] Registering with controller at tcp://10.50.180.71:56772
2018-07-02 16:43:40.919 [IPEngineApp] Registering with controller at tcp://10.50.180.71:56772
2018-07-02 16:43:40.949 [IPEngineApp] Registering with controller at tcp://10.50.180.71:56772
