2018-06-28 14:24:34.014 [IPEngineApp] Loading url_file 'ipengine.json'
2018-06-28 14:24:34.043 [IPEngineApp] Loading url_file 'ipengine.json'
2018-06-28 14:24:34.032 [IPEngineApp] Loading url_file 'ipengine.json'
2018-06-28 14:24:34.052 [IPEngineApp] Loading url_file 'ipengine.json'
2018-06-28 14:24:34.089 [IPEngineApp] Registering with controller at tcp://10.50.180.71:56376
2018-06-28 14:24:34.123 [IPEngineApp] Registering with controller at tcp://10.50.180.71:56376
2018-06-28 14:24:34.130 [IPEngineApp] Registering with controller at tcp://10.50.180.71:56376
2018-06-28 14:24:34.132 [IPEngineApp] Registering with controller at tcp://10.50.180.71:56376
2018-06-28 14:24:34.332 [IPEngineApp] Starting to monitor the heartbeat signal from the hub every 3010 ms.
2018-06-28 14:24:34.337 [IPEngineApp] Starting to monitor the heartbeat signal from the hub every 3010 ms.
2018-06-28 14:24:34.341 [IPEngineApp] Starting to monitor the heartbeat signal from the hub every 3010 ms.
2018-06-28 14:24:34.347 [IPEngineApp] Starting to monitor the heartbeat signal from the hub every 3010 ms.
2018-06-28 14:24:34.352 [IPEngineApp] Completed registration with id 37
2018-06-28 14:24:34.356 [IPEngineApp] Completed registration with id 39
2018-06-28 14:24:34.358 [IPEngineApp] Completed registration with id 36
2018-06-28 14:24:34.360 [IPEngineApp] Completed registration with id 38
