2018-06-28 17:50:00.015 [IPEngineApp] Loading url_file 'ipengine.json'
2018-06-28 17:50:00.024 [IPEngineApp] Loading url_file 'ipengine.json'
2018-06-28 17:50:00.035 [IPEngineApp] Loading url_file 'ipengine.json'
2018-06-28 17:50:00.037 [IPEngineApp] Loading url_file 'ipengine.json'
2018-06-28 17:50:00.105 [IPEngineApp] Registering with controller at tcp://10.50.180.71:47875
2018-06-28 17:50:00.124 [IPEngineApp] Registering with controller at tcp://10.50.180.71:47875
2018-06-28 17:50:00.126 [IPEngineApp] Registering with controller at tcp://10.50.180.71:47875
2018-06-28 17:50:00.129 [IPEngineApp] Registering with controller at tcp://10.50.180.71:47875
2018-06-28 17:50:00.329 [IPEngineApp] Starting to monitor the heartbeat signal from the hub every 3010 ms.
2018-06-28 17:50:00.335 [IPEngineApp] Starting to monitor the heartbeat signal from the hub every 3010 ms.
2018-06-28 17:50:00.342 [IPEngineApp] Starting to monitor the heartbeat signal from the hub every 3010 ms.
2018-06-28 17:50:00.348 [IPEngineApp] Starting to monitor the heartbeat signal from the hub every 3010 ms.
2018-06-28 17:50:00.358 [IPEngineApp] Completed registration with id 23
2018-06-28 17:50:00.359 [IPEngineApp] Completed registration with id 21
2018-06-28 17:50:00.361 [IPEngineApp] Completed registration with id 20
2018-06-28 17:50:00.362 [IPEngineApp] Completed registration with id 22
