2018-06-28 14:24:28.344 [IPEngineApp] Loading url_file 'ipengine.json'
2018-06-28 14:24:28.354 [IPEngineApp] Loading url_file 'ipengine.json'
2018-06-28 14:24:28.356 [IPEngineApp] Loading url_file 'ipengine.json'
2018-06-28 14:24:28.357 [IPEngineApp] Loading url_file 'ipengine.json'
2018-06-28 14:24:28.434 [IPEngineApp] Registering with controller at tcp://10.50.180.71:56376
2018-06-28 14:24:28.437 [IPEngineApp] Registering with controller at tcp://10.50.180.71:56376
2018-06-28 14:24:28.443 [IPEngineApp] Registering with controller at tcp://10.50.180.71:56376
2018-06-28 14:24:28.445 [IPEngineApp] Registering with controller at tcp://10.50.180.71:56376
2018-06-28 14:24:28.641 [IPEngineApp] Starting to monitor the heartbeat signal from the hub every 3010 ms.
2018-06-28 14:24:28.647 [IPEngineApp] Starting to monitor the heartbeat signal from the hub every 3010 ms.
2018-06-28 14:24:28.653 [IPEngineApp] Starting to monitor the heartbeat signal from the hub every 3010 ms.
2018-06-28 14:24:28.660 [IPEngineApp] Starting to monitor the heartbeat signal from the hub every 3010 ms.
2018-06-28 14:24:28.668 [IPEngineApp] Completed registration with id 15
2018-06-28 14:24:28.672 [IPEngineApp] Completed registration with id 12
2018-06-28 14:24:28.673 [IPEngineApp] Completed registration with id 13
2018-06-28 14:24:28.675 [IPEngineApp] Completed registration with id 14
