2018-07-19 01:27:47.587 [IPEngineApp] Loading url_file 'ipengine.json'
2018-07-19 01:27:47.710 [IPEngineApp] Loading url_file 'ipengine.json'
2018-07-19 01:27:47.731 [IPEngineApp] Loading url_file 'ipengine.json'
2018-07-19 01:27:47.655 [IPEngineApp] Loading url_file 'ipengine.json'
2018-07-19 01:27:47.681 [IPEngineApp] Loading url_file 'ipengine.json'
2018-07-19 01:27:47.780 [IPEngineApp] Loading url_file 'ipengine.json'
2018-07-19 01:27:47.788 [IPEngineApp] Loading url_file 'ipengine.json'
2018-07-19 01:27:47.795 [IPEngineApp] Loading url_file 'ipengine.json'
2018-07-19 01:27:47.804 [IPEngineApp] Loading url_file 'ipengine.json'
2018-07-19 01:27:47.813 [IPEngineApp] Loading url_file 'ipengine.json'
2018-07-19 01:27:47.826 [IPEngineApp] Loading url_file 'ipengine.json'
2018-07-19 01:27:47.830 [IPEngineApp] Loading url_file 'ipengine.json'
2018-07-19 01:27:47.834 [IPEngineApp] Loading url_file 'ipengine.json'
2018-07-19 01:27:47.840 [IPEngineApp] Loading url_file 'ipengine.json'
2018-07-19 01:27:47.880 [IPEngineApp] Loading url_file 'ipengine.json'
2018-07-19 01:27:47.908 [IPEngineApp] Loading url_file 'ipengine.json'
2018-07-19 01:27:47.926 [IPEngineApp] Loading url_file 'ipengine.json'
2018-07-19 01:27:47.929 [IPEngineApp] Loading url_file 'ipengine.json'
2018-07-19 01:27:50.600 [IPEngineApp] Loading url_file 'ipengine.json'
2018-07-19 01:27:53.180 [IPEngineApp] Loading url_file 'ipengine.json'
2018-07-19 01:27:50.538 [IPEngineApp] Loading url_file 'ipengine.json'
2018-07-19 01:27:50.565 [IPEngineApp] Loading url_file 'ipengine.json'
2018-07-19 01:29:41.335 [IPEngineApp] Registering with controller at tcp://10.50.180.72:54006
2018-07-19 01:27:53.151 [IPEngineApp] Loading url_file 'ipengine.json'
2018-07-19 01:29:41.373 [IPEngineApp] Loading url_file 'ipengine.json'
2018-07-19 01:27:53.156 [IPEngineApp] Loading url_file 'ipengine.json'
2018-07-19 01:29:41.465 [IPEngineApp] Loading url_file 'ipengine.json'
2018-07-19 01:29:41.526 [IPEngineApp] Loading url_file 'ipengine.json'
2018-07-19 01:29:41.555 [IPEngineApp] Registering with controller at tcp://10.50.180.72:54006
2018-07-19 01:29:41.584 [IPEngineApp] Loading url_file 'ipengine.json'
2018-07-19 01:29:41.709 [IPEngineApp] Loading url_file 'ipengine.json'
2018-07-19 01:29:41.740 [IPEngineApp] Loading url_file 'ipengine.json'
2018-07-19 01:29:41.765 [IPEngineApp] Loading url_file 'ipengine.json'
2018-07-19 01:29:41.780 [IPEngineApp] Loading url_file 'ipengine.json'
2018-07-19 01:29:41.814 [IPEngineApp] Loading url_file 'ipengine.json'
2018-07-19 01:29:41.850 [IPEngineApp] Loading url_file 'ipengine.json'
2018-07-19 01:29:41.857 [IPEngineApp] Loading url_file 'ipengine.json'
2018-07-19 01:29:41.897 [IPEngineApp] Registering with controller at tcp://10.50.180.72:54006
2018-07-19 01:29:41.914 [IPEngineApp] Registering with controller at tcp://10.50.180.72:54006
2018-07-19 01:29:41.944 [IPEngineApp] Loading url_file 'ipengine.json'
2018-07-19 01:29:41.950 [IPEngineApp] Registering with controller at tcp://10.50.180.72:54006
2018-07-19 01:29:41.971 [IPEngineApp] Loading url_file 'ipengine.json'
2018-07-19 01:29:41.983 [IPEngineApp] Loading url_file 'ipengine.json'
2018-07-19 01:29:42.004 [IPEngineApp] Loading url_file 'ipengine.json'
2018-07-19 01:29:42.012 [IPEngineApp] Registering with controller at tcp://10.50.180.72:54006
2018-07-19 01:29:42.032 [IPEngineApp] Loading url_file 'ipengine.json'
2018-07-19 01:29:42.077 [IPEngineApp] Loading url_file 'ipengine.json'
2018-07-19 01:29:42.079 [IPEngineApp] Registering with controller at tcp://10.50.180.72:54006
2018-07-19 01:29:42.084 [IPEngineApp] Loading url_file 'ipengine.json'
2018-07-19 01:29:42.087 [IPEngineApp] Registering with controller at tcp://10.50.180.72:54006
2018-07-19 01:29:42.110 [IPEngineApp] Loading url_file 'ipengine.json'
2018-07-19 01:29:42.135 [IPEngineApp] Loading url_file 'ipengine.json'
2018-07-19 01:29:42.149 [IPEngineApp] Registering with controller at tcp://10.50.180.72:54006
2018-07-19 01:29:42.222 [IPEngineApp] Registering with controller at tcp://10.50.180.72:54006
2018-07-19 01:29:42.225 [IPEngineApp] Registering with controller at tcp://10.50.180.72:54006
2018-07-19 01:29:42.172 [IPEngineApp] Registering with controller at tcp://10.50.180.72:54006
2018-07-19 01:29:42.242 [IPEngineApp] Registering with controller at tcp://10.50.180.72:54006
2018-07-19 01:29:42.190 [IPEngineApp] Registering with controller at tcp://10.50.180.72:54006
2018-07-19 01:29:42.263 [IPEngineApp] Registering with controller at tcp://10.50.180.72:54006
2018-07-19 01:29:42.266 [IPEngineApp] Loading url_file 'ipengine.json'
2018-07-19 01:29:42.269 [IPEngineApp] Registering with controller at tcp://10.50.180.72:54006
2018-07-19 01:29:42.292 [IPEngineApp] Registering with controller at tcp://10.50.180.72:54006
2018-07-19 01:29:42.297 [IPEngineApp] Registering with controller at tcp://10.50.180.72:54006
2018-07-19 01:29:42.322 [IPEngineApp] Registering with controller at tcp://10.50.180.72:54006
2018-07-19 01:29:42.324 [IPEngineApp] Registering with controller at tcp://10.50.180.72:54006
2018-07-19 01:29:42.337 [IPEngineApp] Registering with controller at tcp://10.50.180.72:54006
2018-07-19 01:29:42.385 [IPEngineApp] Registering with controller at tcp://10.50.180.72:54006
2018-07-19 01:29:42.441 [IPEngineApp] Registering with controller at tcp://10.50.180.72:54006
2018-07-19 01:29:42.526 [IPEngineApp] Registering with controller at tcp://10.50.180.72:54006
2018-07-19 01:29:42.546 [IPEngineApp] Registering with controller at tcp://10.50.180.72:54006
2018-07-19 01:29:42.615 [IPEngineApp] Registering with controller at tcp://10.50.180.72:54006
2018-07-19 01:29:45.277 [IPEngineApp] Registering with controller at tcp://10.50.180.72:54006
2018-07-19 01:29:45.315 [IPEngineApp] Registering with controller at tcp://10.50.180.72:54006
2018-07-19 01:29:45.318 [IPEngineApp] Registering with controller at tcp://10.50.180.72:54006
2018-07-19 01:29:45.330 [IPEngineApp] Registering with controller at tcp://10.50.180.72:54006
2018-07-19 01:29:45.357 [IPEngineApp] Registering with controller at tcp://10.50.180.72:54006
2018-07-19 01:29:45.455 [IPEngineApp] Registering with controller at tcp://10.50.180.72:54006
2018-07-19 01:29:45.483 [IPEngineApp] Registering with controller at tcp://10.50.180.72:54006
2018-07-19 01:29:45.489 [IPEngineApp] Registering with controller at tcp://10.50.180.72:54006
2018-07-19 01:29:45.504 [IPEngineApp] Registering with controller at tcp://10.50.180.72:54006
2018-07-19 01:29:45.514 [IPEngineApp] Registering with controller at tcp://10.50.180.72:54006
2018-07-19 01:29:45.520 [IPEngineApp] Registering with controller at tcp://10.50.180.72:54006
2018-07-19 01:29:45.523 [IPEngineApp] Registering with controller at tcp://10.50.180.72:54006
2018-07-19 01:29:45.818 [IPEngineApp] Registering with controller at tcp://10.50.180.72:54006
2018-07-19 01:29:45.825 [IPEngineApp] Registering with controller at tcp://10.50.180.72:54006
2018-07-19 01:29:45.837 [IPEngineApp] Registering with controller at tcp://10.50.180.72:54006
2018-07-19 01:29:45.902 [IPEngineApp] Registering with controller at tcp://10.50.180.72:54006
2018-07-19 01:29:45.942 [IPEngineApp] Loading url_file 'ipengine.json'
2018-07-19 01:29:45.952 [IPEngineApp] Registering with controller at tcp://10.50.180.72:54006
2018-07-19 01:29:46.726 [IPEngineApp] Starting to monitor the heartbeat signal from the hub every 3010 ms.
2018-07-19 01:29:46.939 [IPEngineApp] Starting to monitor the heartbeat signal from the hub every 3010 ms.
2018-07-19 01:29:46.949 [IPEngineApp] Starting to monitor the heartbeat signal from the hub every 3010 ms.
Bad address (src/tcp.cpp:286)
2018-07-19 01:29:49.616 [IPEngineApp] Registering with controller at tcp://10.50.180.72:54006
Bad address (src/tcp.cpp:286)
Bad address (src/tcp.cpp:286)
Bad address (src/tcp.cpp:286)
2018-07-19 01:29:49.529 [IPEngineApp] Loading url_file 'ipengine.json'
2018-07-19 01:29:49.777 [IPEngineApp] Starting to monitor the heartbeat signal from the hub every 3010 ms.
2018-07-19 01:29:49.824 [IPEngineApp] Starting to monitor the heartbeat signal from the hub every 3010 ms.
2018-07-19 01:29:49.840 [IPEngineApp] Starting to monitor the heartbeat signal from the hub every 3010 ms.
2018-07-19 01:29:49.897 [IPEngineApp] Starting to monitor the heartbeat signal from the hub every 3010 ms.
2018-07-19 01:29:49.926 [IPEngineApp] Starting to monitor the heartbeat signal from the hub every 3010 ms.
2018-07-19 01:29:49.751 [IPEngineApp] Loading url_file 'ipengine.json'
2018-07-19 01:29:49.976 [IPEngineApp] Starting to monitor the heartbeat signal from the hub every 3010 ms.
2018-07-19 01:29:50.011 [IPEngineApp] Starting to monitor the heartbeat signal from the hub every 3010 ms.
2018-07-19 01:29:50.017 [IPEngineApp] Starting to monitor the heartbeat signal from the hub every 3010 ms.
2018-07-19 01:29:50.025 [IPEngineApp] Starting to monitor the heartbeat signal from the hub every 3010 ms.
2018-07-19 01:29:50.041 [IPEngineApp] Completed registration with id 149
2018-07-19 01:29:50.074 [IPEngineApp] Starting to monitor the heartbeat signal from the hub every 3010 ms.
2018-07-19 01:29:50.085 [IPEngineApp] Completed registration with id 147
2018-07-19 01:29:50.088 [IPEngineApp] Completed registration with id 151
2018-07-19 01:29:50.106 [IPEngineApp] Starting to monitor the heartbeat signal from the hub every 3010 ms.
2018-07-19 01:29:50.134 [IPEngineApp] Starting to monitor the heartbeat signal from the hub every 3010 ms.
2018-07-19 01:29:50.152 [IPEngineApp] Starting to monitor the heartbeat signal from the hub every 3010 ms.
2018-07-19 01:29:50.156 [IPEngineApp] Starting to monitor the heartbeat signal from the hub every 3010 ms.
2018-07-19 01:29:50.161 [IPEngineApp] Starting to monitor the heartbeat signal from the hub every 3010 ms.
2018-07-19 01:29:50.178 [IPEngineApp] Starting to monitor the heartbeat signal from the hub every 3010 ms.
2018-07-19 01:29:49.990 [IPEngineApp] Starting to monitor the heartbeat signal from the hub every 3010 ms.
2018-07-19 01:29:50.201 [IPEngineApp] Completed registration with id 153
2018-07-19 01:29:50.202 [IPEngineApp] Completed registration with id 148
2018-07-19 01:29:50.210 [IPEngineApp] Completed registration with id 150
2018-07-19 01:29:50.211 [IPEngineApp] Completed registration with id 163
2018-07-19 01:29:50.220 [IPEngineApp] Starting to monitor the heartbeat signal from the hub every 3010 ms.
2018-07-19 01:29:50.229 [IPEngineApp] Completed registration with id 161
2018-07-19 01:29:50.248 [IPEngineApp] Completed registration with id 160
2018-07-19 01:29:50.124 [IPEngineApp] Starting to monitor the heartbeat signal from the hub every 3010 ms.
2018-07-19 01:29:50.320 [IPEngineApp] Completed registration with id 162
2018-07-19 01:29:50.321 [IPEngineApp] Starting to monitor the heartbeat signal from the hub every 3010 ms.
2018-07-19 01:29:50.332 [IPEngineApp] Completed registration with id 154
2018-07-19 01:29:50.334 [IPEngineApp] Completed registration with id 155
2018-07-19 01:29:50.341 [IPEngineApp] Completed registration with id 158
2018-07-19 01:29:50.343 [IPEngineApp] Completed registration with id 156
2018-07-19 01:29:50.355 [IPEngineApp] Completed registration with id 159
2018-07-19 01:29:50.356 [IPEngineApp] Completed registration with id 157
2018-07-19 01:29:50.360 [IPEngineApp] Starting to monitor the heartbeat signal from the hub every 3010 ms.
2018-07-19 01:29:50.366 [IPEngineApp] Completed registration with id 166
2018-07-19 01:29:50.388 [IPEngineApp] Starting to monitor the heartbeat signal from the hub every 3010 ms.
2018-07-19 01:29:50.428 [IPEngineApp] Completed registration with id 165
2018-07-19 01:29:50.434 [IPEngineApp] Starting to monitor the heartbeat signal from the hub every 3010 ms.
2018-07-19 01:29:50.444 [IPEngineApp] Starting to monitor the heartbeat signal from the hub every 3010 ms.
2018-07-19 01:29:50.450 [IPEngineApp] Completed registration with id 164
2018-07-19 01:29:50.452 [IPEngineApp] Starting to monitor the heartbeat signal from the hub every 3010 ms.
2018-07-19 01:29:50.457 [IPEngineApp] Registering with controller at tcp://10.50.180.72:54006
2018-07-19 01:29:50.474 [IPEngineApp] Completed registration with id 170
2018-07-19 01:29:50.479 [IPEngineApp] Starting to monitor the heartbeat signal from the hub every 3010 ms.
2018-07-19 01:29:50.489 [IPEngineApp] Starting to monitor the heartbeat signal from the hub every 3010 ms.
2018-07-19 01:29:50.493 [IPEngineApp] Starting to monitor the heartbeat signal from the hub every 3010 ms.
2018-07-19 01:29:50.499 [IPEngineApp] Starting to monitor the heartbeat signal from the hub every 3010 ms.
2018-07-19 01:29:50.503 [IPEngineApp] Starting to monitor the heartbeat signal from the hub every 3010 ms.
2018-07-19 01:29:50.508 [IPEngineApp] Starting to monitor the heartbeat signal from the hub every 3010 ms.
2018-07-19 01:29:50.518 [IPEngineApp] Starting to monitor the heartbeat signal from the hub every 3010 ms.
2018-07-19 01:29:50.522 [IPEngineApp] Starting to monitor the heartbeat signal from the hub every 3010 ms.
2018-07-19 01:29:50.527 [IPEngineApp] Starting to monitor the heartbeat signal from the hub every 3010 ms.
2018-07-19 01:29:50.534 [IPEngineApp] Loading url_file 'ipengine.json'
2018-07-19 01:29:50.538 [IPEngineApp] Completed registration with id 173
2018-07-19 01:29:50.547 [IPEngineApp] Registering with controller at tcp://10.50.180.72:54006
2018-07-19 01:29:50.550 [IPEngineApp] Completed registration with id 168
2018-07-19 01:29:50.552 [IPEngineApp] Completed registration with id 171
2018-07-19 01:29:50.554 [IPEngineApp] Completed registration with id 169
2018-07-19 01:29:50.755 [IPEngineApp] Completed registration with id 172
2018-07-19 01:29:50.809 [IPEngineApp] Starting to monitor the heartbeat signal from the hub every 3010 ms.
2018-07-19 01:29:50.827 [IPEngineApp] Completed registration with id 174
2018-07-19 01:29:50.843 [IPEngineApp] Completed registration with id 175
2018-07-19 01:29:50.868 [IPEngineApp] Completed registration with id 177
2018-07-19 01:29:50.877 [IPEngineApp] Completed registration with id 178
2018-07-19 01:29:50.881 [IPEngineApp] Completed registration with id 181
2018-07-19 01:29:50.887 [IPEngineApp] Starting to monitor the heartbeat signal from the hub every 3010 ms.
2018-07-19 01:29:50.890 [IPEngineApp] Completed registration with id 180
2018-07-19 01:29:50.895 [IPEngineApp] Completed registration with id 179
2018-07-19 01:29:50.901 [IPEngineApp] Completed registration with id 182
2018-07-19 01:29:50.909 [IPEngineApp] Completed registration with id 176
2018-07-19 01:29:51.161 [IPEngineApp] Completed registration with id 183
2018-07-19 01:29:51.212 [IPEngineApp] Completed registration with id 184
2018-07-19 01:29:51.486 [IPEngineApp] Registering with controller at tcp://10.50.180.72:54006
2018-07-19 01:29:51.582 [IPEngineApp] Starting to monitor the heartbeat signal from the hub every 3010 ms.
2018-07-19 01:29:51.885 [IPEngineApp] Completed registration with id 185
2018-07-19 01:29:52.525 [IPEngineApp] Starting to monitor the heartbeat signal from the hub every 3010 ms.
2018-07-19 01:29:52.735 [IPEngineApp] Starting to monitor the heartbeat signal from the hub every 3010 ms.
2018-07-19 01:29:52.856 [IPEngineApp] Completed registration with id 186
2018-07-19 01:29:52.987 [IPEngineApp] Completed registration with id 187
2018-07-19 01:29:53.552 [IPEngineApp] Starting to monitor the heartbeat signal from the hub every 3010 ms.
2018-07-19 01:29:53.834 [IPEngineApp] Completed registration with id 188
2018-07-19 01:29:56.001 [IPEngineApp] WARNING | No heartbeat in the last 3010 ms (1 time(s) in a row).
2018-07-19 01:29:58.548 [IPEngineApp] WARNING | No heartbeat in the last 3010 ms (1 time(s) in a row).
2018-07-19 01:29:58.759 [IPEngineApp] WARNING | No heartbeat in the last 3010 ms (1 time(s) in a row).
2018-07-19 01:29:59.010 [IPEngineApp] WARNING | No heartbeat in the last 3010 ms (2 time(s) in a row).
2018-07-19 01:29:59.576 [IPEngineApp] WARNING | No heartbeat in the last 3010 ms (1 time(s) in a row).
