2018-07-02 17:56:23.208 [IPEngineApp] Loading url_file 'ipengine.json'
2018-07-02 17:56:23.223 [IPEngineApp] Loading url_file 'ipengine.json'
2018-07-02 17:56:23.308 [IPEngineApp] Loading url_file 'ipengine.json'
2018-07-02 17:56:23.315 [IPEngineApp] Loading url_file 'ipengine.json'
2018-07-02 17:56:23.248 [IPEngineApp] Loading url_file 'ipengine.json'
2018-07-02 17:56:23.321 [IPEngineApp] Loading url_file 'ipengine.json'
2018-07-02 17:56:23.331 [IPEngineApp] Loading url_file 'ipengine.json'
2018-07-02 17:56:23.361 [IPEngineApp] Loading url_file 'ipengine.json'
2018-07-02 17:56:23.368 [IPEngineApp] Loading url_file 'ipengine.json'
2018-07-02 17:56:23.375 [IPEngineApp] Loading url_file 'ipengine.json'
2018-07-02 17:56:23.386 [IPEngineApp] Loading url_file 'ipengine.json'
2018-07-02 17:56:23.278 [IPEngineApp] Loading url_file 'ipengine.json'
2018-07-02 17:56:23.286 [IPEngineApp] Loading url_file 'ipengine.json'
2018-07-02 17:56:23.291 [IPEngineApp] Loading url_file 'ipengine.json'
2018-07-02 17:56:23.289 [IPEngineApp] Loading url_file 'ipengine.json'
2018-07-02 17:56:23.446 [IPEngineApp] Loading url_file 'ipengine.json'
2018-07-02 17:56:23.454 [IPEngineApp] Loading url_file 'ipengine.json'
2018-07-02 17:56:23.470 [IPEngineApp] Loading url_file 'ipengine.json'
2018-07-02 17:56:23.483 [IPEngineApp] Loading url_file 'ipengine.json'
2018-07-02 17:56:23.498 [IPEngineApp] Loading url_file 'ipengine.json'
2018-07-02 17:56:23.507 [IPEngineApp] Loading url_file 'ipengine.json'
2018-07-02 17:56:25.004 [IPEngineApp] Loading url_file 'ipengine.json'
2018-07-02 17:56:25.011 [IPEngineApp] Loading url_file 'ipengine.json'
2018-07-02 17:56:25.015 [IPEngineApp] Loading url_file 'ipengine.json'
2018-07-02 17:56:25.019 [IPEngineApp] Loading url_file 'ipengine.json'
2018-07-02 17:56:25.021 [IPEngineApp] Loading url_file 'ipengine.json'
2018-07-02 17:56:25.025 [IPEngineApp] Loading url_file 'ipengine.json'
2018-07-02 17:56:25.038 [IPEngineApp] Loading url_file 'ipengine.json'
2018-07-02 17:56:25.050 [IPEngineApp] Loading url_file 'ipengine.json'
2018-07-02 17:56:25.053 [IPEngineApp] Loading url_file 'ipengine.json'
2018-07-02 17:56:25.056 [IPEngineApp] Loading url_file 'ipengine.json'
2018-07-02 17:56:25.081 [IPEngineApp] Loading url_file 'ipengine.json'
2018-07-02 17:56:25.144 [IPEngineApp] Loading url_file 'ipengine.json'
2018-07-02 17:56:24.980 [IPEngineApp] Loading url_file 'ipengine.json'
2018-07-02 17:56:24.984 [IPEngineApp] Loading url_file 'ipengine.json'
2018-07-02 17:56:25.186 [IPEngineApp] Loading url_file 'ipengine.json'
2018-07-02 17:56:24.994 [IPEngineApp] Loading url_file 'ipengine.json'
2018-07-02 17:56:25.210 [IPEngineApp] Loading url_file 'ipengine.json'
2018-07-02 17:56:25.246 [IPEngineApp] Loading url_file 'ipengine.json'
2018-07-02 17:56:25.283 [IPEngineApp] Loading url_file 'ipengine.json'
2018-07-02 17:56:25.321 [IPEngineApp] Loading url_file 'ipengine.json'
2018-07-02 17:56:25.325 [IPEngineApp] Loading url_file 'ipengine.json'
2018-07-02 17:56:25.351 [IPEngineApp] Loading url_file 'ipengine.json'
2018-07-02 17:56:25.383 [IPEngineApp] Loading url_file 'ipengine.json'
2018-07-02 17:56:25.632 [IPEngineApp] Registering with controller at tcp://10.50.180.71:44391
2018-07-02 17:56:25.642 [IPEngineApp] Registering with controller at tcp://10.50.180.71:44391
2018-07-02 17:56:25.700 [IPEngineApp] Registering with controller at tcp://10.50.180.71:44391
2018-07-02 17:56:25.707 [IPEngineApp] Registering with controller at tcp://10.50.180.71:44391
2018-07-02 17:56:25.723 [IPEngineApp] Registering with controller at tcp://10.50.180.71:44391
2018-07-02 17:56:25.725 [IPEngineApp] Registering with controller at tcp://10.50.180.71:44391
2018-07-02 17:56:25.729 [IPEngineApp] Registering with controller at tcp://10.50.180.71:44391
2018-07-02 17:56:25.753 [IPEngineApp] Registering with controller at tcp://10.50.180.71:44391
2018-07-02 17:56:25.755 [IPEngineApp] Registering with controller at tcp://10.50.180.71:44391
2018-07-02 17:56:25.761 [IPEngineApp] Registering with controller at tcp://10.50.180.71:44391
2018-07-02 17:56:25.768 [IPEngineApp] Registering with controller at tcp://10.50.180.71:44391
2018-07-02 17:56:25.788 [IPEngineApp] Registering with controller at tcp://10.50.180.71:44391
2018-07-02 17:56:25.789 [IPEngineApp] Registering with controller at tcp://10.50.180.71:44391
2018-07-02 17:56:25.796 [IPEngineApp] Registering with controller at tcp://10.50.180.71:44391
2018-07-02 17:56:25.908 [IPEngineApp] Registering with controller at tcp://10.50.180.71:44391
2018-07-02 17:56:25.911 [IPEngineApp] Registering with controller at tcp://10.50.180.71:44391
2018-07-02 17:56:25.822 [IPEngineApp] Loading url_file 'ipengine.json'
2018-07-02 17:56:25.924 [IPEngineApp] Registering with controller at tcp://10.50.180.71:44391
2018-07-02 17:56:25.928 [IPEngineApp] Registering with controller at tcp://10.50.180.71:44391
2018-07-02 17:56:25.933 [IPEngineApp] Registering with controller at tcp://10.50.180.71:44391
2018-07-02 17:56:25.935 [IPEngineApp] Registering with controller at tcp://10.50.180.71:44391
2018-07-02 17:56:25.938 [IPEngineApp] Registering with controller at tcp://10.50.180.71:44391
2018-07-02 17:56:25.941 [IPEngineApp] Registering with controller at tcp://10.50.180.71:44391
2018-07-02 17:56:25.943 [IPEngineApp] Registering with controller at tcp://10.50.180.71:44391
2018-07-02 17:56:25.955 [IPEngineApp] Registering with controller at tcp://10.50.180.71:44391
2018-07-02 17:56:25.966 [IPEngineApp] Registering with controller at tcp://10.50.180.71:44391
2018-07-02 17:56:25.973 [IPEngineApp] Registering with controller at tcp://10.50.180.71:44391
2018-07-02 17:56:25.975 [IPEngineApp] Registering with controller at tcp://10.50.180.71:44391
2018-07-02 17:56:25.978 [IPEngineApp] Registering with controller at tcp://10.50.180.71:44391
2018-07-02 17:56:25.981 [IPEngineApp] Registering with controller at tcp://10.50.180.71:44391
2018-07-02 17:56:25.983 [IPEngineApp] Registering with controller at tcp://10.50.180.71:44391
2018-07-02 17:56:25.986 [IPEngineApp] Registering with controller at tcp://10.50.180.71:44391
2018-07-02 17:56:25.998 [IPEngineApp] Registering with controller at tcp://10.50.180.71:44391
2018-07-02 17:56:26.001 [IPEngineApp] Registering with controller at tcp://10.50.180.71:44391
2018-07-02 17:56:26.016 [IPEngineApp] Registering with controller at tcp://10.50.180.71:44391
2018-07-02 17:56:26.022 [IPEngineApp] Registering with controller at tcp://10.50.180.71:44391
2018-07-02 17:56:26.025 [IPEngineApp] Registering with controller at tcp://10.50.180.71:44391
2018-07-02 17:56:26.027 [IPEngineApp] Registering with controller at tcp://10.50.180.71:44391
2018-07-02 17:56:26.030 [IPEngineApp] Registering with controller at tcp://10.50.180.71:44391
2018-07-02 17:56:26.034 [IPEngineApp] Registering with controller at tcp://10.50.180.71:44391
2018-07-02 17:56:26.037 [IPEngineApp] Registering with controller at tcp://10.50.180.71:44391
2018-07-02 17:56:26.040 [IPEngineApp] Registering with controller at tcp://10.50.180.71:44391
2018-07-02 17:56:26.048 [IPEngineApp] Registering with controller at tcp://10.50.180.71:44391
2018-07-02 17:56:26.050 [IPEngineApp] Registering with controller at tcp://10.50.180.71:44391
2018-07-02 17:56:26.063 [IPEngineApp] Registering with controller at tcp://10.50.180.71:44391
2018-07-02 17:56:26.244 [IPEngineApp] Loading url_file 'ipengine.json'
2018-07-02 17:56:26.309 [IPEngineApp] Registering with controller at tcp://10.50.180.71:44391
2018-07-02 17:56:26.326 [IPEngineApp] Loading url_file 'ipengine.json'
2018-07-02 17:56:26.374 [IPEngineApp] Loading url_file 'ipengine.json'
2018-07-02 17:56:26.379 [IPEngineApp] Registering with controller at tcp://10.50.180.71:44391
2018-07-02 17:56:27.819 [IPEngineApp] Registering with controller at tcp://10.50.180.71:44391
2018-07-02 17:56:27.867 [IPEngineApp] Loading url_file 'ipengine.json'
2018-07-02 17:56:27.903 [IPEngineApp] Loading url_file 'ipengine.json'
