2018-07-23 11:20:37.966 [IPEngineApp] Loading url_file 'ipengine.json'
2018-07-23 11:20:38.016 [IPEngineApp] Loading url_file 'ipengine.json'
2018-07-23 11:20:38.008 [IPEngineApp] Loading url_file 'ipengine.json'
2018-07-23 11:20:38.031 [IPEngineApp] Loading url_file 'ipengine.json'
2018-07-23 11:20:38.005 [IPEngineApp] Loading url_file 'ipengine.json'
2018-07-23 11:20:38.042 [IPEngineApp] Loading url_file 'ipengine.json'
2018-07-23 11:20:38.012 [IPEngineApp] Loading url_file 'ipengine.json'
2018-07-23 11:20:38.027 [IPEngineApp] Loading url_file 'ipengine.json'
2018-07-23 11:20:37.974 [IPEngineApp] Loading url_file 'ipengine.json'
2018-07-23 11:20:38.058 [IPEngineApp] Loading url_file 'ipengine.json'
2018-07-23 11:20:38.038 [IPEngineApp] Loading url_file 'ipengine.json'
2018-07-23 11:20:38.020 [IPEngineApp] Loading url_file 'ipengine.json'
2018-07-23 11:20:38.046 [IPEngineApp] Loading url_file 'ipengine.json'
2018-07-23 11:20:38.001 [IPEngineApp] Loading url_file 'ipengine.json'
2018-07-23 11:20:37.997 [IPEngineApp] Loading url_file 'ipengine.json'
2018-07-23 11:20:38.084 [IPEngineApp] Loading url_file 'ipengine.json'
2018-07-23 11:20:37.993 [IPEngineApp] Loading url_file 'ipengine.json'
2018-07-23 11:20:37.986 [IPEngineApp] Loading url_file 'ipengine.json'
2018-07-23 11:20:37.990 [IPEngineApp] Loading url_file 'ipengine.json'
2018-07-23 11:20:37.970 [IPEngineApp] Loading url_file 'ipengine.json'
2018-07-23 11:20:38.054 [IPEngineApp] Loading url_file 'ipengine.json'
2018-07-23 11:20:38.023 [IPEngineApp] Loading url_file 'ipengine.json'
2018-07-23 11:20:38.035 [IPEngineApp] Loading url_file 'ipengine.json'
2018-07-23 11:20:38.050 [IPEngineApp] Loading url_file 'ipengine.json'
2018-07-23 11:20:37.982 [IPEngineApp] Loading url_file 'ipengine.json'
2018-07-23 11:20:37.978 [IPEngineApp] Loading url_file 'ipengine.json'
2018-07-23 11:20:38.076 [IPEngineApp] Loading url_file 'ipengine.json'
2018-07-23 11:20:38.068 [IPEngineApp] Loading url_file 'ipengine.json'
2018-07-23 11:20:38.064 [IPEngineApp] Loading url_file 'ipengine.json'
2018-07-23 11:20:38.080 [IPEngineApp] Loading url_file 'ipengine.json'
2018-07-23 11:20:38.072 [IPEngineApp] Loading url_file 'ipengine.json'
2018-07-23 11:20:38.084 [IPEngineApp] Loading url_file 'ipengine.json'
2018-07-23 11:20:38.757 [IPEngineApp] Registering with controller at tcp://10.50.180.72:48096
2018-07-23 11:20:38.761 [IPEngineApp] Registering with controller at tcp://10.50.180.72:48096
2018-07-23 11:20:38.765 [IPEngineApp] Registering with controller at tcp://10.50.180.72:48096
2018-07-23 11:20:38.767 [IPEngineApp] Registering with controller at tcp://10.50.180.72:48096
2018-07-23 11:20:38.770 [IPEngineApp] Registering with controller at tcp://10.50.180.72:48096
2018-07-23 11:20:38.773 [IPEngineApp] Registering with controller at tcp://10.50.180.72:48096
2018-07-23 11:20:38.776 [IPEngineApp] Registering with controller at tcp://10.50.180.72:48096
2018-07-23 11:20:38.779 [IPEngineApp] Registering with controller at tcp://10.50.180.72:48096
2018-07-23 11:20:38.781 [IPEngineApp] Registering with controller at tcp://10.50.180.72:48096
2018-07-23 11:20:38.784 [IPEngineApp] Registering with controller at tcp://10.50.180.72:48096
2018-07-23 11:20:38.787 [IPEngineApp] Registering with controller at tcp://10.50.180.72:48096
2018-07-23 11:20:38.790 [IPEngineApp] Registering with controller at tcp://10.50.180.72:48096
2018-07-23 11:20:38.792 [IPEngineApp] Registering with controller at tcp://10.50.180.72:48096
2018-07-23 11:20:38.795 [IPEngineApp] Registering with controller at tcp://10.50.180.72:48096
2018-07-23 11:20:38.798 [IPEngineApp] Registering with controller at tcp://10.50.180.72:48096
2018-07-23 11:20:38.801 [IPEngineApp] Registering with controller at tcp://10.50.180.72:48096
2018-07-23 11:20:38.804 [IPEngineApp] Registering with controller at tcp://10.50.180.72:48096
2018-07-23 11:20:38.807 [IPEngineApp] Registering with controller at tcp://10.50.180.72:48096
2018-07-23 11:20:38.809 [IPEngineApp] Registering with controller at tcp://10.50.180.72:48096
2018-07-23 11:20:38.830 [IPEngineApp] Registering with controller at tcp://10.50.180.72:48096
2018-07-23 11:20:38.811 [IPEngineApp] Registering with controller at tcp://10.50.180.72:48096
2018-07-23 11:20:38.813 [IPEngineApp] Registering with controller at tcp://10.50.180.72:48096
2018-07-23 11:20:38.816 [IPEngineApp] Registering with controller at tcp://10.50.180.72:48096
2018-07-23 11:20:38.817 [IPEngineApp] Registering with controller at tcp://10.50.180.72:48096
2018-07-23 11:20:38.814 [IPEngineApp] Registering with controller at tcp://10.50.180.72:48096
2018-07-23 11:20:38.818 [IPEngineApp] Registering with controller at tcp://10.50.180.72:48096
2018-07-23 11:20:38.820 [IPEngineApp] Registering with controller at tcp://10.50.180.72:48096
2018-07-23 11:20:38.821 [IPEngineApp] Registering with controller at tcp://10.50.180.72:48096
2018-07-23 11:20:38.822 [IPEngineApp] Registering with controller at tcp://10.50.180.72:48096
2018-07-23 11:20:38.824 [IPEngineApp] Registering with controller at tcp://10.50.180.72:48096
2018-07-23 11:20:38.826 [IPEngineApp] Registering with controller at tcp://10.50.180.72:48096
2018-07-23 11:20:38.827 [IPEngineApp] Registering with controller at tcp://10.50.180.72:48096
2018-07-23 11:20:40.406 [IPEngineApp] Starting to monitor the heartbeat signal from the hub every 3010 ms.
2018-07-23 11:20:40.496 [IPEngineApp] Starting to monitor the heartbeat signal from the hub every 3010 ms.
2018-07-23 11:20:40.502 [IPEngineApp] Starting to monitor the heartbeat signal from the hub every 3010 ms.
2018-07-23 11:20:40.511 [IPEngineApp] Starting to monitor the heartbeat signal from the hub every 3010 ms.
2018-07-23 11:20:40.512 [IPEngineApp] Starting to monitor the heartbeat signal from the hub every 3010 ms.
2018-07-23 11:20:40.519 [IPEngineApp] Starting to monitor the heartbeat signal from the hub every 3010 ms.
2018-07-23 11:20:40.522 [IPEngineApp] Starting to monitor the heartbeat signal from the hub every 3010 ms.
2018-07-23 11:20:40.528 [IPEngineApp] Starting to monitor the heartbeat signal from the hub every 3010 ms.
2018-07-23 11:20:40.532 [IPEngineApp] Starting to monitor the heartbeat signal from the hub every 3010 ms.
2018-07-23 11:20:40.537 [IPEngineApp] Starting to monitor the heartbeat signal from the hub every 3010 ms.
2018-07-23 11:20:40.542 [IPEngineApp] Starting to monitor the heartbeat signal from the hub every 3010 ms.
2018-07-23 11:20:40.549 [IPEngineApp] Starting to monitor the heartbeat signal from the hub every 3010 ms.
2018-07-23 11:20:40.553 [IPEngineApp] Starting to monitor the heartbeat signal from the hub every 3010 ms.
2018-07-23 11:20:40.559 [IPEngineApp] Starting to monitor the heartbeat signal from the hub every 3010 ms.
2018-07-23 11:20:40.564 [IPEngineApp] Starting to monitor the heartbeat signal from the hub every 3010 ms.
2018-07-23 11:20:40.568 [IPEngineApp] Starting to monitor the heartbeat signal from the hub every 3010 ms.
2018-07-23 11:20:40.574 [IPEngineApp] Starting to monitor the heartbeat signal from the hub every 3010 ms.
2018-07-23 11:20:40.578 [IPEngineApp] Starting to monitor the heartbeat signal from the hub every 3010 ms.
2018-07-23 11:20:40.583 [IPEngineApp] Starting to monitor the heartbeat signal from the hub every 3010 ms.
2018-07-23 11:20:40.588 [IPEngineApp] Starting to monitor the heartbeat signal from the hub every 3010 ms.
2018-07-23 11:20:40.593 [IPEngineApp] Starting to monitor the heartbeat signal from the hub every 3010 ms.
2018-07-23 11:20:40.602 [IPEngineApp] Starting to monitor the heartbeat signal from the hub every 3010 ms.
2018-07-23 11:20:40.605 [IPEngineApp] Starting to monitor the heartbeat signal from the hub every 3010 ms.
2018-07-23 11:20:40.609 [IPEngineApp] Starting to monitor the heartbeat signal from the hub every 3010 ms.
2018-07-23 11:20:40.603 [IPEngineApp] Starting to monitor the heartbeat signal from the hub every 3010 ms.
2018-07-23 11:20:40.607 [IPEngineApp] Starting to monitor the heartbeat signal from the hub every 3010 ms.
2018-07-23 11:20:40.604 [IPEngineApp] Starting to monitor the heartbeat signal from the hub every 3010 ms.
2018-07-23 11:20:40.610 [IPEngineApp] Starting to monitor the heartbeat signal from the hub every 3010 ms.
2018-07-23 11:20:40.600 [IPEngineApp] Starting to monitor the heartbeat signal from the hub every 3010 ms.
2018-07-23 11:20:40.606 [IPEngineApp] Starting to monitor the heartbeat signal from the hub every 3010 ms.
2018-07-23 11:20:40.608 [IPEngineApp] Starting to monitor the heartbeat signal from the hub every 3010 ms.
2018-07-23 11:20:40.619 [IPEngineApp] Starting to monitor the heartbeat signal from the hub every 3010 ms.
2018-07-23 11:20:40.683 [IPEngineApp] Completed registration with id 197
2018-07-23 11:20:40.685 [IPEngineApp] Completed registration with id 203
2018-07-23 11:20:40.687 [IPEngineApp] Completed registration with id 204
2018-07-23 11:20:40.689 [IPEngineApp] Completed registration with id 195
2018-07-23 11:20:40.690 [IPEngineApp] Completed registration with id 196
2018-07-23 11:20:40.693 [IPEngineApp] Completed registration with id 208
2018-07-23 11:20:40.694 [IPEngineApp] Completed registration with id 205
2018-07-23 11:20:40.696 [IPEngineApp] Completed registration with id 199
2018-07-23 11:20:40.697 [IPEngineApp] Completed registration with id 194
2018-07-23 11:20:40.699 [IPEngineApp] Completed registration with id 198
2018-07-23 11:20:40.700 [IPEngineApp] Completed registration with id 211
2018-07-23 11:20:40.702 [IPEngineApp] Completed registration with id 200
2018-07-23 11:20:40.704 [IPEngineApp] Completed registration with id 206
2018-07-23 11:20:40.706 [IPEngineApp] Completed registration with id 207
2018-07-23 11:20:40.708 [IPEngineApp] Completed registration with id 218
2018-07-23 11:20:40.710 [IPEngineApp] Completed registration with id 202
2018-07-23 11:20:40.711 [IPEngineApp] Completed registration with id 193
2018-07-23 11:20:40.713 [IPEngineApp] Completed registration with id 201
2018-07-23 11:20:40.716 [IPEngineApp] Completed registration with id 192
2018-07-23 11:20:40.718 [IPEngineApp] Completed registration with id 219
2018-07-23 11:20:40.720 [IPEngineApp] Completed registration with id 222
2018-07-23 11:20:40.721 [IPEngineApp] Completed registration with id 216
2018-07-23 11:20:40.723 [IPEngineApp] Completed registration with id 220
2018-07-23 11:20:40.724 [IPEngineApp] Completed registration with id 209
2018-07-23 11:20:40.726 [IPEngineApp] Completed registration with id 210
2018-07-23 11:20:40.728 [IPEngineApp] Completed registration with id 223
2018-07-23 11:20:40.730 [IPEngineApp] Completed registration with id 212
2018-07-23 11:20:40.731 [IPEngineApp] Completed registration with id 215
2018-07-23 11:20:40.735 [IPEngineApp] Completed registration with id 217
2018-07-23 11:20:40.735 [IPEngineApp] Completed registration with id 213
2018-07-23 11:20:40.738 [IPEngineApp] Completed registration with id 214
2018-07-23 11:20:40.740 [IPEngineApp] Completed registration with id 221
