2018-07-02 18:58:15.551 [IPEngineApp] Loading url_file 'ipengine.json'
2018-07-02 18:58:17.372 [IPEngineApp] Loading url_file 'ipengine.json'
2018-07-02 18:58:17.658 [IPEngineApp] Loading url_file 'ipengine.json'
2018-07-02 18:58:17.661 [IPEngineApp] Loading url_file 'ipengine.json'
2018-07-02 18:58:17.664 [IPEngineApp] Loading url_file 'ipengine.json'
2018-07-02 18:58:17.669 [IPEngineApp] Loading url_file 'ipengine.json'
2018-07-02 18:58:17.707 [IPEngineApp] Loading url_file 'ipengine.json'
2018-07-02 18:58:17.709 [IPEngineApp] Loading url_file 'ipengine.json'
2018-07-02 18:58:17.732 [IPEngineApp] Loading url_file 'ipengine.json'
2018-07-02 18:58:17.735 [IPEngineApp] Loading url_file 'ipengine.json'
2018-07-02 18:58:17.749 [IPEngineApp] Loading url_file 'ipengine.json'
2018-07-02 18:58:17.776 [IPEngineApp] Loading url_file 'ipengine.json'
2018-07-02 18:58:17.778 [IPEngineApp] Loading url_file 'ipengine.json'
2018-07-02 18:58:17.788 [IPEngineApp] Loading url_file 'ipengine.json'
2018-07-02 18:58:17.810 [IPEngineApp] Loading url_file 'ipengine.json'
2018-07-02 18:58:17.819 [IPEngineApp] Loading url_file 'ipengine.json'
2018-07-02 18:58:17.824 [IPEngineApp] Loading url_file 'ipengine.json'
2018-07-02 18:58:17.829 [IPEngineApp] Loading url_file 'ipengine.json'
2018-07-02 18:58:17.867 [IPEngineApp] Loading url_file 'ipengine.json'
2018-07-02 18:58:17.880 [IPEngineApp] Loading url_file 'ipengine.json'
2018-07-02 18:58:17.898 [IPEngineApp] Loading url_file 'ipengine.json'
2018-07-02 18:58:17.900 [IPEngineApp] Loading url_file 'ipengine.json'
2018-07-02 18:58:17.919 [IPEngineApp] Loading url_file 'ipengine.json'
2018-07-02 18:58:17.931 [IPEngineApp] Loading url_file 'ipengine.json'
2018-07-02 18:58:17.963 [IPEngineApp] Loading url_file 'ipengine.json'
2018-07-02 18:58:17.974 [IPEngineApp] Loading url_file 'ipengine.json'
2018-07-02 18:58:18.009 [IPEngineApp] Loading url_file 'ipengine.json'
2018-07-02 18:58:18.033 [IPEngineApp] Loading url_file 'ipengine.json'
2018-07-02 18:58:18.059 [IPEngineApp] Loading url_file 'ipengine.json'
2018-07-02 18:58:18.074 [IPEngineApp] Loading url_file 'ipengine.json'
2018-07-02 18:58:18.093 [IPEngineApp] Loading url_file 'ipengine.json'
2018-07-02 18:58:18.106 [IPEngineApp] Loading url_file 'ipengine.json'
2018-07-02 18:58:18.109 [IPEngineApp] Loading url_file 'ipengine.json'
2018-07-02 18:58:18.147 [IPEngineApp] Loading url_file 'ipengine.json'
2018-07-02 18:58:18.160 [IPEngineApp] Loading url_file 'ipengine.json'
2018-07-02 18:58:18.163 [IPEngineApp] Loading url_file 'ipengine.json'
2018-07-02 18:58:18.267 [IPEngineApp] Registering with controller at tcp://10.50.180.71:43500
2018-07-02 18:58:18.405 [IPEngineApp] Loading url_file 'ipengine.json'
2018-07-02 18:58:21.517 [IPEngineApp] Registering with controller at tcp://10.50.180.71:43500
2018-07-02 18:58:21.521 [IPEngineApp] Registering with controller at tcp://10.50.180.71:43500
2018-07-02 18:58:21.523 [IPEngineApp] Registering with controller at tcp://10.50.180.71:43500
2018-07-02 18:58:21.526 [IPEngineApp] Registering with controller at tcp://10.50.180.71:43500
2018-07-02 18:58:21.556 [IPEngineApp] Registering with controller at tcp://10.50.180.71:43500
2018-07-02 18:58:21.559 [IPEngineApp] Registering with controller at tcp://10.50.180.71:43500
2018-07-02 18:58:21.577 [IPEngineApp] Registering with controller at tcp://10.50.180.71:43500
2018-07-02 18:58:21.580 [IPEngineApp] Registering with controller at tcp://10.50.180.71:43500
2018-07-02 18:58:21.583 [IPEngineApp] Registering with controller at tcp://10.50.180.71:43500
2018-07-02 18:58:21.589 [IPEngineApp] Loading url_file 'ipengine.json'
2018-07-02 18:58:21.395 [IPEngineApp] Loading url_file 'ipengine.json'
2018-07-02 18:58:21.606 [IPEngineApp] Loading url_file 'ipengine.json'
2018-07-02 18:58:21.625 [IPEngineApp] Registering with controller at tcp://10.50.180.71:43500
2018-07-02 18:58:21.633 [IPEngineApp] Registering with controller at tcp://10.50.180.71:43500
2018-07-02 18:58:21.653 [IPEngineApp] Registering with controller at tcp://10.50.180.71:43500
2018-07-02 18:58:21.656 [IPEngineApp] Registering with controller at tcp://10.50.180.71:43500
2018-07-02 18:58:21.655 [IPEngineApp] Registering with controller at tcp://10.50.180.71:43500
2018-07-02 18:58:21.702 [IPEngineApp] Registering with controller at tcp://10.50.180.71:43500
2018-07-02 18:58:21.663 [IPEngineApp] Registering with controller at tcp://10.50.180.71:43500
2018-07-02 18:58:21.664 [IPEngineApp] Registering with controller at tcp://10.50.180.71:43500
2018-07-02 18:58:21.672 [IPEngineApp] Registering with controller at tcp://10.50.180.71:43500
2018-07-02 18:58:21.756 [IPEngineApp] Registering with controller at tcp://10.50.180.71:43500
2018-07-02 18:58:21.776 [IPEngineApp] Registering with controller at tcp://10.50.180.71:43500
2018-07-02 18:58:21.780 [IPEngineApp] Registering with controller at tcp://10.50.180.71:43500
2018-07-02 18:58:21.784 [IPEngineApp] Registering with controller at tcp://10.50.180.71:43500
2018-07-02 18:58:21.787 [IPEngineApp] Registering with controller at tcp://10.50.180.71:43500
2018-07-02 18:58:21.789 [IPEngineApp] Registering with controller at tcp://10.50.180.71:43500
2018-07-02 18:58:21.798 [IPEngineApp] Registering with controller at tcp://10.50.180.71:43500
2018-07-02 18:58:21.801 [IPEngineApp] Registering with controller at tcp://10.50.180.71:43500
2018-07-02 18:58:21.805 [IPEngineApp] Registering with controller at tcp://10.50.180.71:43500
2018-07-02 18:58:21.808 [IPEngineApp] Registering with controller at tcp://10.50.180.71:43500
2018-07-02 18:58:21.810 [IPEngineApp] Registering with controller at tcp://10.50.180.71:43500
2018-07-02 18:58:21.814 [IPEngineApp] Registering with controller at tcp://10.50.180.71:43500
2018-07-02 18:58:21.821 [IPEngineApp] Registering with controller at tcp://10.50.180.71:43500
2018-07-02 18:58:21.841 [IPEngineApp] Registering with controller at tcp://10.50.180.71:43500
2018-07-02 18:58:21.851 [IPEngineApp] Registering with controller at tcp://10.50.180.71:43500
2018-07-02 18:58:21.869 [IPEngineApp] Registering with controller at tcp://10.50.180.71:43500
2018-07-02 18:58:21.872 [IPEngineApp] Registering with controller at tcp://10.50.180.71:43500
2018-07-02 18:58:21.876 [IPEngineApp] Registering with controller at tcp://10.50.180.71:43500
2018-07-02 18:58:22.151 [IPEngineApp] Loading url_file 'ipengine.json'
2018-07-02 18:58:22.235 [IPEngineApp] Registering with controller at tcp://10.50.180.71:43500
2018-07-02 18:58:22.341 [IPEngineApp] Loading url_file 'ipengine.json'
2018-07-02 18:58:22.355 [IPEngineApp] Registering with controller at tcp://10.50.180.71:43500
2018-07-02 18:58:22.409 [IPEngineApp] Registering with controller at tcp://10.50.180.71:43500
2018-07-02 18:58:22.458 [IPEngineApp] Loading url_file 'ipengine.json'
2018-07-02 18:58:23.932 [IPEngineApp] Registering with controller at tcp://10.50.180.71:43500
2018-07-02 18:58:23.935 [IPEngineApp] Loading url_file 'ipengine.json'
2018-07-02 18:58:23.996 [IPEngineApp] Registering with controller at tcp://10.50.180.71:43500
2018-07-02 18:58:24.068 [IPEngineApp] Loading url_file 'ipengine.json'
