2018-06-28 18:02:46.568 [IPEngineApp] Loading url_file 'ipengine.json'
2018-06-28 18:02:46.574 [IPEngineApp] Loading url_file 'ipengine.json'
2018-06-28 18:02:46.598 [IPEngineApp] Loading url_file 'ipengine.json'
2018-06-28 18:02:46.672 [IPEngineApp] Registering with controller at tcp://10.50.180.71:47875
2018-06-28 18:02:46.678 [IPEngineApp] Registering with controller at tcp://10.50.180.71:47875
2018-06-28 18:02:46.691 [IPEngineApp] Registering with controller at tcp://10.50.180.71:47875
2018-06-28 18:02:46.881 [IPEngineApp] Starting to monitor the heartbeat signal from the hub every 3010 ms.
2018-06-28 18:02:46.895 [IPEngineApp] Starting to monitor the heartbeat signal from the hub every 3010 ms.
2018-06-28 18:02:46.903 [IPEngineApp] Completed registration with id 129
2018-06-28 18:02:46.912 [IPEngineApp] Starting to monitor the heartbeat signal from the hub every 3010 ms.
2018-06-28 18:02:46.915 [IPEngineApp] Completed registration with id 130
2018-06-28 18:02:46.921 [IPEngineApp] Completed registration with id 133
2018-06-28 18:02:47.387 [IPEngineApp] Loading url_file 'ipengine.json'
2018-06-28 18:02:47.424 [IPEngineApp] Registering with controller at tcp://10.50.180.71:47875
2018-06-28 18:02:47.483 [IPEngineApp] Starting to monitor the heartbeat signal from the hub every 3010 ms.
2018-06-28 18:02:47.489 [IPEngineApp] Completed registration with id 137
