2018-06-28 18:02:46.581 [IPEngineApp] Loading url_file 'ipengine.json'
2018-06-28 18:02:46.593 [IPEngineApp] Loading url_file 'ipengine.json'
2018-06-28 18:02:46.590 [IPEngineApp] Loading url_file 'ipengine.json'
2018-06-28 18:02:46.635 [IPEngineApp] Loading url_file 'ipengine.json'
2018-06-28 18:02:46.639 [IPEngineApp] Registering with controller at tcp://10.50.180.71:47875
2018-06-28 18:02:46.677 [IPEngineApp] Registering with controller at tcp://10.50.180.71:47875
2018-06-28 18:02:46.686 [IPEngineApp] Registering with controller at tcp://10.50.180.71:47875
2018-06-28 18:02:46.698 [IPEngineApp] Registering with controller at tcp://10.50.180.71:47875
2018-06-28 18:02:46.875 [IPEngineApp] Starting to monitor the heartbeat signal from the hub every 3010 ms.
2018-06-28 18:02:46.904 [IPEngineApp] Starting to monitor the heartbeat signal from the hub every 3010 ms.
2018-06-28 18:02:46.905 [IPEngineApp] Completed registration with id 128
2018-06-28 18:02:46.889 [IPEngineApp] Starting to monitor the heartbeat signal from the hub every 3010 ms.
2018-06-28 18:02:46.919 [IPEngineApp] Starting to monitor the heartbeat signal from the hub every 3010 ms.
2018-06-28 18:02:46.922 [IPEngineApp] Completed registration with id 131
2018-06-28 18:02:46.923 [IPEngineApp] Completed registration with id 132
2018-06-28 18:02:46.928 [IPEngineApp] Completed registration with id 134
