2018-06-28 18:02:46.684 [IPEngineApp] Loading url_file 'ipengine.json'
2018-06-28 18:02:46.693 [IPEngineApp] Loading url_file 'ipengine.json'
2018-06-28 18:02:46.734 [IPEngineApp] Registering with controller at tcp://10.50.180.71:47875
2018-06-28 18:02:46.764 [IPEngineApp] Registering with controller at tcp://10.50.180.71:47875
2018-06-28 18:02:46.962 [IPEngineApp] Starting to monitor the heartbeat signal from the hub every 3010 ms.
2018-06-28 18:02:46.971 [IPEngineApp] Starting to monitor the heartbeat signal from the hub every 3010 ms.
2018-06-28 18:02:46.989 [IPEngineApp] Completed registration with id 135
2018-06-28 18:02:47.000 [IPEngineApp] Completed registration with id 136
2018-06-28 18:02:47.387 [IPEngineApp] Loading url_file 'ipengine.json'
2018-06-28 18:02:47.390 [IPEngineApp] Loading url_file 'ipengine.json'
2018-06-28 18:02:47.439 [IPEngineApp] Registering with controller at tcp://10.50.180.71:47875
2018-06-28 18:02:47.442 [IPEngineApp] Registering with controller at tcp://10.50.180.71:47875
2018-06-28 18:02:47.543 [IPEngineApp] Starting to monitor the heartbeat signal from the hub every 3010 ms.
2018-06-28 18:02:47.545 [IPEngineApp] Starting to monitor the heartbeat signal from the hub every 3010 ms.
2018-06-28 18:02:47.555 [IPEngineApp] Completed registration with id 139
2018-06-28 18:02:47.556 [IPEngineApp] Completed registration with id 138
