2018-07-06 11:39:35.084 [IPEngineApp] Loading url_file 'ipengine.json'
2018-07-06 11:39:35.095 [IPEngineApp] Loading url_file 'ipengine.json'
2018-07-06 11:39:35.111 [IPEngineApp] Loading url_file 'ipengine.json'
2018-07-06 11:39:35.103 [IPEngineApp] Loading url_file 'ipengine.json'
2018-07-06 11:39:35.092 [IPEngineApp] Loading url_file 'ipengine.json'
2018-07-06 11:39:35.088 [IPEngineApp] Loading url_file 'ipengine.json'
2018-07-06 11:39:35.099 [IPEngineApp] Loading url_file 'ipengine.json'
2018-07-06 11:39:35.127 [IPEngineApp] Loading url_file 'ipengine.json'
2018-07-06 11:39:35.139 [IPEngineApp] Loading url_file 'ipengine.json'
2018-07-06 11:39:35.107 [IPEngineApp] Loading url_file 'ipengine.json'
2018-07-06 11:39:35.131 [IPEngineApp] Loading url_file 'ipengine.json'
2018-07-06 11:39:35.143 [IPEngineApp] Loading url_file 'ipengine.json'
2018-07-06 11:39:35.123 [IPEngineApp] Loading url_file 'ipengine.json'
2018-07-06 11:39:35.119 [IPEngineApp] Loading url_file 'ipengine.json'
2018-07-06 11:39:35.135 [IPEngineApp] Loading url_file 'ipengine.json'
2018-07-06 11:39:35.150 [IPEngineApp] Loading url_file 'ipengine.json'
2018-07-06 11:39:35.158 [IPEngineApp] Loading url_file 'ipengine.json'
2018-07-06 11:39:35.115 [IPEngineApp] Loading url_file 'ipengine.json'
2018-07-06 11:39:35.166 [IPEngineApp] Loading url_file 'ipengine.json'
2018-07-06 11:39:35.154 [IPEngineApp] Loading url_file 'ipengine.json'
2018-07-06 11:39:35.174 [IPEngineApp] Loading url_file 'ipengine.json'
2018-07-06 11:39:35.147 [IPEngineApp] Loading url_file 'ipengine.json'
2018-07-06 11:39:35.162 [IPEngineApp] Loading url_file 'ipengine.json'
2018-07-06 11:39:35.170 [IPEngineApp] Loading url_file 'ipengine.json'
2018-07-06 11:39:35.186 [IPEngineApp] Loading url_file 'ipengine.json'
2018-07-06 11:39:35.194 [IPEngineApp] Loading url_file 'ipengine.json'
2018-07-06 11:39:35.190 [IPEngineApp] Loading url_file 'ipengine.json'
2018-07-06 11:39:35.198 [IPEngineApp] Loading url_file 'ipengine.json'
2018-07-06 11:39:35.202 [IPEngineApp] Loading url_file 'ipengine.json'
2018-07-06 11:39:35.178 [IPEngineApp] Loading url_file 'ipengine.json'
2018-07-06 11:39:35.182 [IPEngineApp] Loading url_file 'ipengine.json'
2018-07-06 11:39:35.206 [IPEngineApp] Loading url_file 'ipengine.json'
2018-07-06 11:39:35.210 [IPEngineApp] Loading url_file 'ipengine.json'
2018-07-06 11:39:35.217 [IPEngineApp] Loading url_file 'ipengine.json'
2018-07-06 11:39:35.213 [IPEngineApp] Loading url_file 'ipengine.json'
2018-07-06 11:39:35.221 [IPEngineApp] Loading url_file 'ipengine.json'
2018-07-06 11:39:35.225 [IPEngineApp] Loading url_file 'ipengine.json'
2018-07-06 11:39:35.233 [IPEngineApp] Loading url_file 'ipengine.json'
2018-07-06 11:39:35.229 [IPEngineApp] Loading url_file 'ipengine.json'
2018-07-06 11:39:35.080 [IPEngineApp] Loading url_file 'ipengine.json'
2018-07-06 11:39:35.252 [IPEngineApp] Loading url_file 'ipengine.json'
2018-07-06 11:39:35.576 [IPEngineApp] Loading url_file 'ipengine.json'
2018-07-06 11:39:36.051 [IPEngineApp] Loading url_file 'ipengine.json'
2018-07-06 11:39:36.286 [IPEngineApp] Registering with controller at tcp://10.50.180.71:39737
2018-07-06 11:39:36.291 [IPEngineApp] Registering with controller at tcp://10.50.180.71:39737
2018-07-06 11:39:36.294 [IPEngineApp] Registering with controller at tcp://10.50.180.71:39737
2018-07-06 11:39:36.296 [IPEngineApp] Registering with controller at tcp://10.50.180.71:39737
2018-07-06 11:39:36.300 [IPEngineApp] Registering with controller at tcp://10.50.180.71:39737
2018-07-06 11:39:36.302 [IPEngineApp] Registering with controller at tcp://10.50.180.71:39737
2018-07-06 11:39:36.305 [IPEngineApp] Registering with controller at tcp://10.50.180.71:39737
2018-07-06 11:39:36.308 [IPEngineApp] Registering with controller at tcp://10.50.180.71:39737
2018-07-06 11:39:36.311 [IPEngineApp] Registering with controller at tcp://10.50.180.71:39737
2018-07-06 11:39:36.314 [IPEngineApp] Registering with controller at tcp://10.50.180.71:39737
2018-07-06 11:39:36.317 [IPEngineApp] Registering with controller at tcp://10.50.180.71:39737
2018-07-06 11:39:36.315 [IPEngineApp] Registering with controller at tcp://10.50.180.71:39737
2018-07-06 11:39:36.320 [IPEngineApp] Registering with controller at tcp://10.50.180.71:39737
2018-07-06 11:39:36.324 [IPEngineApp] Registering with controller at tcp://10.50.180.71:39737
2018-07-06 11:39:36.321 [IPEngineApp] Registering with controller at tcp://10.50.180.71:39737
2018-07-06 11:39:36.318 [IPEngineApp] Registering with controller at tcp://10.50.180.71:39737
2018-07-06 11:39:36.322 [IPEngineApp] Registering with controller at tcp://10.50.180.71:39737
2018-07-06 11:39:36.325 [IPEngineApp] Registering with controller at tcp://10.50.180.71:39737
2018-07-06 11:39:36.327 [IPEngineApp] Registering with controller at tcp://10.50.180.71:39737
2018-07-06 11:39:36.330 [IPEngineApp] Registering with controller at tcp://10.50.180.71:39737
2018-07-06 11:39:36.331 [IPEngineApp] Registering with controller at tcp://10.50.180.71:39737
2018-07-06 11:39:36.332 [IPEngineApp] Registering with controller at tcp://10.50.180.71:39737
2018-07-06 11:39:36.334 [IPEngineApp] Registering with controller at tcp://10.50.180.71:39737
2018-07-06 11:39:36.336 [IPEngineApp] Registering with controller at tcp://10.50.180.71:39737
2018-07-06 11:39:36.337 [IPEngineApp] Registering with controller at tcp://10.50.180.71:39737
2018-07-06 11:39:36.340 [IPEngineApp] Registering with controller at tcp://10.50.180.71:39737
2018-07-06 11:39:36.341 [IPEngineApp] Registering with controller at tcp://10.50.180.71:39737
2018-07-06 11:39:36.338 [IPEngineApp] Registering with controller at tcp://10.50.180.71:39737
2018-07-06 11:39:36.344 [IPEngineApp] Registering with controller at tcp://10.50.180.71:39737
2018-07-06 11:39:36.342 [IPEngineApp] Registering with controller at tcp://10.50.180.71:39737
2018-07-06 11:39:36.346 [IPEngineApp] Registering with controller at tcp://10.50.180.71:39737
2018-07-06 11:39:36.345 [IPEngineApp] Registering with controller at tcp://10.50.180.71:39737
2018-07-06 11:39:36.349 [IPEngineApp] Registering with controller at tcp://10.50.180.71:39737
2018-07-06 11:39:36.348 [IPEngineApp] Registering with controller at tcp://10.50.180.71:39737
2018-07-06 11:39:36.351 [IPEngineApp] Registering with controller at tcp://10.50.180.71:39737
2018-07-06 11:39:36.359 [IPEngineApp] Registering with controller at tcp://10.50.180.71:39737
2018-07-06 11:39:36.353 [IPEngineApp] Registering with controller at tcp://10.50.180.71:39737
2018-07-06 11:39:36.361 [IPEngineApp] Registering with controller at tcp://10.50.180.71:39737
2018-07-06 11:39:36.362 [IPEngineApp] Registering with controller at tcp://10.50.180.71:39737
2018-07-06 11:39:36.365 [IPEngineApp] Registering with controller at tcp://10.50.180.71:39737
2018-07-06 11:39:36.416 [IPEngineApp] Registering with controller at tcp://10.50.180.71:39737
2018-07-06 11:39:36.471 [IPEngineApp] Loading url_file 'ipengine.json'
2018-07-06 11:39:36.476 [IPEngineApp] Registering with controller at tcp://10.50.180.71:39737
2018-07-06 11:39:36.521 [IPEngineApp] Registering with controller at tcp://10.50.180.71:39737
2018-07-06 11:39:36.605 [IPEngineApp] Registering with controller at tcp://10.50.180.71:39737
2018-07-06 11:39:36.639 [IPEngineApp] Loading url_file 'ipengine.json'
2018-07-06 11:39:36.663 [IPEngineApp] Loading url_file 'ipengine.json'
2018-07-06 11:39:36.764 [IPEngineApp] Registering with controller at tcp://10.50.180.71:39737
2018-07-06 11:39:36.769 [IPEngineApp] Registering with controller at tcp://10.50.180.71:39737
2018-07-06 11:39:36.848 [IPEngineApp] Loading url_file 'ipengine.json'
2018-07-06 11:39:36.912 [IPEngineApp] Registering with controller at tcp://10.50.180.71:39737
2018-07-06 11:39:36.922 [IPEngineApp] Loading url_file 'ipengine.json'
