2018-07-16 10:52:23.054 [IPEngineApp] Loading url_file 'ipengine.json'
2018-07-16 10:52:23.065 [IPEngineApp] Loading url_file 'ipengine.json'
2018-07-16 10:52:23.058 [IPEngineApp] Loading url_file 'ipengine.json'
2018-07-16 10:52:23.064 [IPEngineApp] Loading url_file 'ipengine.json'
2018-07-16 10:52:23.145 [IPEngineApp] Registering with controller at tcp://10.50.180.71:38914
2018-07-16 10:52:23.147 [IPEngineApp] Registering with controller at tcp://10.50.180.71:38914
2018-07-16 10:52:23.150 [IPEngineApp] Registering with controller at tcp://10.50.180.71:38914
2018-07-16 10:52:23.152 [IPEngineApp] Registering with controller at tcp://10.50.180.71:38914
2018-07-16 10:52:23.336 [IPEngineApp] Starting to monitor the heartbeat signal from the hub every 3010 ms.
2018-07-16 10:52:23.344 [IPEngineApp] Starting to monitor the heartbeat signal from the hub every 3010 ms.
2018-07-16 10:52:23.351 [IPEngineApp] Starting to monitor the heartbeat signal from the hub every 3010 ms.
2018-07-16 10:52:23.357 [IPEngineApp] Starting to monitor the heartbeat signal from the hub every 3010 ms.
2018-07-16 10:52:23.369 [IPEngineApp] Completed registration with id 6
2018-07-16 10:52:23.373 [IPEngineApp] Completed registration with id 7
2018-07-16 10:52:23.374 [IPEngineApp] Completed registration with id 4
2018-07-16 10:52:23.374 [IPEngineApp] Completed registration with id 5
