2018-07-03 21:53:12.792 [IPEngineApp] Loading url_file 'ipengine.json'
2018-07-03 21:53:14.431 [IPEngineApp] Loading url_file 'ipengine.json'
2018-07-03 21:53:14.436 [IPEngineApp] Loading url_file 'ipengine.json'
2018-07-03 21:53:14.373 [IPEngineApp] Loading url_file 'ipengine.json'
2018-07-03 21:53:14.529 [IPEngineApp] Loading url_file 'ipengine.json'
2018-07-03 21:53:14.810 [IPEngineApp] Loading url_file 'ipengine.json'
2018-07-03 21:53:14.814 [IPEngineApp] Loading url_file 'ipengine.json'
2018-07-03 21:53:14.852 [IPEngineApp] Loading url_file 'ipengine.json'
2018-07-03 21:53:14.881 [IPEngineApp] Loading url_file 'ipengine.json'
2018-07-03 21:53:14.920 [IPEngineApp] Loading url_file 'ipengine.json'
2018-07-03 21:53:14.930 [IPEngineApp] Loading url_file 'ipengine.json'
2018-07-03 21:53:14.953 [IPEngineApp] Loading url_file 'ipengine.json'
2018-07-03 21:53:14.957 [IPEngineApp] Loading url_file 'ipengine.json'
2018-07-03 21:53:14.970 [IPEngineApp] Loading url_file 'ipengine.json'
2018-07-03 21:53:14.977 [IPEngineApp] Loading url_file 'ipengine.json'
2018-07-03 21:53:14.982 [IPEngineApp] Loading url_file 'ipengine.json'
2018-07-03 21:53:15.003 [IPEngineApp] Loading url_file 'ipengine.json'
2018-07-03 21:53:15.009 [IPEngineApp] Loading url_file 'ipengine.json'
2018-07-03 21:53:15.023 [IPEngineApp] Loading url_file 'ipengine.json'
2018-07-03 21:53:15.039 [IPEngineApp] Loading url_file 'ipengine.json'
2018-07-03 21:53:15.049 [IPEngineApp] Loading url_file 'ipengine.json'
2018-07-03 21:53:15.064 [IPEngineApp] Loading url_file 'ipengine.json'
2018-07-03 21:53:15.079 [IPEngineApp] Loading url_file 'ipengine.json'
2018-07-03 21:53:15.091 [IPEngineApp] Loading url_file 'ipengine.json'
2018-07-03 21:53:15.121 [IPEngineApp] Registering with controller at tcp://10.50.180.71:44984
2018-07-03 21:53:15.123 [IPEngineApp] Registering with controller at tcp://10.50.180.71:44984
2018-07-03 21:53:15.128 [IPEngineApp] Loading url_file 'ipengine.json'
2018-07-03 21:53:15.153 [IPEngineApp] Registering with controller at tcp://10.50.180.71:44984
2018-07-03 21:53:15.155 [IPEngineApp] Loading url_file 'ipengine.json'
2018-07-03 21:53:15.169 [IPEngineApp] Registering with controller at tcp://10.50.180.71:44984
2018-07-03 21:53:15.178 [IPEngineApp] Loading url_file 'ipengine.json'
2018-07-03 21:53:15.232 [IPEngineApp] Registering with controller at tcp://10.50.180.71:44984
2018-07-03 21:53:15.400 [IPEngineApp] Loading url_file 'ipengine.json'
2018-07-03 21:53:15.435 [IPEngineApp] Loading url_file 'ipengine.json'
2018-07-03 21:53:15.438 [IPEngineApp] Loading url_file 'ipengine.json'
2018-07-03 21:53:15.447 [IPEngineApp] Loading url_file 'ipengine.json'
2018-07-03 21:53:15.507 [IPEngineApp] Loading url_file 'ipengine.json'
2018-07-03 21:53:15.547 [IPEngineApp] Registering with controller at tcp://10.50.180.71:44984
2018-07-03 21:53:15.556 [IPEngineApp] Registering with controller at tcp://10.50.180.71:44984
2018-07-03 21:53:15.599 [IPEngineApp] Registering with controller at tcp://10.50.180.71:44984
2018-07-03 21:53:15.601 [IPEngineApp] Registering with controller at tcp://10.50.180.71:44984
2018-07-03 21:53:15.617 [IPEngineApp] Registering with controller at tcp://10.50.180.71:44984
2018-07-03 21:53:15.619 [IPEngineApp] Registering with controller at tcp://10.50.180.71:44984
2018-07-03 21:53:15.640 [IPEngineApp] Registering with controller at tcp://10.50.180.71:44984
2018-07-03 21:53:15.643 [IPEngineApp] Registering with controller at tcp://10.50.180.71:44984
2018-07-03 21:53:15.651 [IPEngineApp] Registering with controller at tcp://10.50.180.71:44984
2018-07-03 21:53:15.658 [IPEngineApp] Registering with controller at tcp://10.50.180.71:44984
2018-07-03 21:53:15.661 [IPEngineApp] Registering with controller at tcp://10.50.180.71:44984
2018-07-03 21:53:15.679 [IPEngineApp] Registering with controller at tcp://10.50.180.71:44984
2018-07-03 21:53:15.682 [IPEngineApp] Registering with controller at tcp://10.50.180.71:44984
2018-07-03 21:53:15.687 [IPEngineApp] Registering with controller at tcp://10.50.180.71:44984
2018-07-03 21:53:15.690 [IPEngineApp] Registering with controller at tcp://10.50.180.71:44984
2018-07-03 21:53:15.689 [IPEngineApp] Registering with controller at tcp://10.50.180.71:44984
2018-07-03 21:53:15.736 [IPEngineApp] Registering with controller at tcp://10.50.180.71:44984
2018-07-03 21:53:15.739 [IPEngineApp] Registering with controller at tcp://10.50.180.71:44984
2018-07-03 21:53:15.704 [IPEngineApp] Registering with controller at tcp://10.50.180.71:44984
2018-07-03 21:53:15.755 [IPEngineApp] Loading url_file 'ipengine.json'
2018-07-03 21:53:15.761 [IPEngineApp] Registering with controller at tcp://10.50.180.71:44984
2018-07-03 21:53:15.769 [IPEngineApp] Registering with controller at tcp://10.50.180.71:44984
2018-07-03 21:53:15.772 [IPEngineApp] Registering with controller at tcp://10.50.180.71:44984
2018-07-03 21:53:15.774 [IPEngineApp] Loading url_file 'ipengine.json'
2018-07-03 21:53:18.724 [IPEngineApp] Registering with controller at tcp://10.50.180.71:44984
2018-07-03 21:53:18.726 [IPEngineApp] Registering with controller at tcp://10.50.180.71:44984
2018-07-03 21:53:18.730 [IPEngineApp] Registering with controller at tcp://10.50.180.71:44984
2018-07-03 21:53:18.732 [IPEngineApp] Registering with controller at tcp://10.50.180.71:44984
2018-07-03 21:53:18.755 [IPEngineApp] Registering with controller at tcp://10.50.180.71:44984
2018-07-03 21:53:18.762 [IPEngineApp] Registering with controller at tcp://10.50.180.71:44984
2018-07-03 21:53:18.788 [IPEngineApp] Loading url_file 'ipengine.json'
2018-07-03 21:53:18.814 [IPEngineApp] Registering with controller at tcp://10.50.180.71:44984
2018-07-03 21:53:18.850 [IPEngineApp] Registering with controller at tcp://10.50.180.71:44984
2018-07-03 21:53:19.234 [IPEngineApp] Loading url_file 'ipengine.json'
2018-07-03 21:53:19.318 [IPEngineApp] Registering with controller at tcp://10.50.180.71:44984
2018-07-03 21:53:19.411 [IPEngineApp] Loading url_file 'ipengine.json'
2018-07-03 21:53:19.429 [IPEngineApp] Loading url_file 'ipengine.json'
2018-07-03 21:53:19.481 [IPEngineApp] Loading url_file 'ipengine.json'
2018-07-03 21:53:19.490 [IPEngineApp] Registering with controller at tcp://10.50.180.71:44984
2018-07-03 21:53:19.492 [IPEngineApp] Registering with controller at tcp://10.50.180.71:44984
2018-07-03 21:53:21.078 [IPEngineApp] CRITICAL | Registration timed out after 5.0 seconds
2018-07-03 21:53:21.079 [IPEngineApp] CRITICAL | Registration timed out after 5.0 seconds
2018-07-03 21:53:21.079 [IPEngineApp] CRITICAL | Registration timed out after 5.0 seconds
2018-07-03 21:53:21.080 [IPEngineApp] CRITICAL | Registration timed out after 5.0 seconds
2018-07-03 21:53:21.080 [IPEngineApp] CRITICAL | Registration timed out after 5.0 seconds
2018-07-03 21:53:21.081 [IPEngineApp] CRITICAL | Registration timed out after 5.0 seconds
2018-07-03 21:53:21.081 [IPEngineApp] CRITICAL | Registration timed out after 5.0 seconds
2018-07-03 21:53:21.082 [IPEngineApp] CRITICAL | Registration timed out after 5.0 seconds
2018-07-03 21:53:21.082 [IPEngineApp] CRITICAL | Registration timed out after 5.0 seconds
2018-07-03 21:53:21.083 [IPEngineApp] CRITICAL | Registration timed out after 5.0 seconds
2018-07-03 21:53:21.083 [IPEngineApp] CRITICAL | Registration timed out after 5.0 seconds
2018-07-03 21:53:21.084 [IPEngineApp] CRITICAL | Registration timed out after 5.0 seconds
2018-07-03 21:53:21.084 [IPEngineApp] CRITICAL | Registration timed out after 5.0 seconds
2018-07-03 21:53:21.084 [IPEngineApp] CRITICAL | Registration timed out after 5.0 seconds
2018-07-03 21:53:21.085 [IPEngineApp] CRITICAL | Registration timed out after 5.0 seconds
2018-07-03 21:53:21.085 [IPEngineApp] CRITICAL | Registration timed out after 5.0 seconds
2018-07-03 21:53:21.086 [IPEngineApp] CRITICAL | Registration timed out after 5.0 seconds
2018-07-03 21:53:21.086 [IPEngineApp] CRITICAL | Registration timed out after 5.0 seconds
2018-07-03 21:53:21.087 [IPEngineApp] CRITICAL | Registration timed out after 5.0 seconds
2018-07-03 21:53:21.087 [IPEngineApp] CRITICAL | Registration timed out after 5.0 seconds
2018-07-03 21:53:21.087 [IPEngineApp] CRITICAL | Registration timed out after 5.0 seconds
2018-07-03 21:53:21.088 [IPEngineApp] CRITICAL | Registration timed out after 5.0 seconds
2018-07-03 21:53:21.088 [IPEngineApp] CRITICAL | Registration timed out after 5.0 seconds
2018-07-03 21:53:21.089 [IPEngineApp] CRITICAL | Registration timed out after 5.0 seconds
2018-07-03 21:53:21.089 [IPEngineApp] CRITICAL | Registration timed out after 5.0 seconds
2018-07-03 21:53:21.090 [IPEngineApp] CRITICAL | Registration timed out after 5.0 seconds
2018-07-03 21:53:21.091 [IPEngineApp] Registering with controller at tcp://10.50.180.71:44984
2018-07-03 21:53:21.754 [IPEngineApp] Loading url_file 'ipengine.json'
2018-07-03 21:53:21.791 [IPEngineApp] Loading url_file 'ipengine.json'
2018-07-03 21:53:24.759 [IPEngineApp] CRITICAL | Registration timed out after 5.0 seconds
2018-07-03 21:53:24.760 [IPEngineApp] CRITICAL | Registration timed out after 5.0 seconds
2018-07-03 21:53:24.760 [IPEngineApp] CRITICAL | Registration timed out after 5.0 seconds
2018-07-03 21:53:24.761 [IPEngineApp] CRITICAL | Registration timed out after 5.0 seconds
2018-07-03 21:53:24.761 [IPEngineApp] CRITICAL | Registration timed out after 5.0 seconds
2018-07-03 21:53:24.762 [IPEngineApp] CRITICAL | Registration timed out after 5.0 seconds
2018-07-03 21:53:24.762 [IPEngineApp] CRITICAL | Registration timed out after 5.0 seconds
2018-07-03 21:53:24.763 [IPEngineApp] CRITICAL | Registration timed out after 5.0 seconds
2018-07-03 21:53:24.763 [IPEngineApp] CRITICAL | Registration timed out after 5.0 seconds
2018-07-03 21:53:24.764 [IPEngineApp] CRITICAL | Registration timed out after 5.0 seconds
2018-07-03 21:53:25.011 [IPEngineApp] Loading url_file 'ipengine.json'
