2018-07-06 11:58:23.563 [IPEngineApp] Loading url_file 'ipengine.json'
2018-07-06 11:58:23.640 [IPEngineApp] Loading url_file 'ipengine.json'
2018-07-06 11:58:23.674 [IPEngineApp] Loading url_file 'ipengine.json'
2018-07-06 11:58:23.726 [IPEngineApp] Loading url_file 'ipengine.json'
2018-07-06 11:58:23.731 [IPEngineApp] Loading url_file 'ipengine.json'
2018-07-06 11:58:23.735 [IPEngineApp] Loading url_file 'ipengine.json'
2018-07-06 11:58:23.815 [IPEngineApp] Loading url_file 'ipengine.json'
2018-07-06 11:58:23.836 [IPEngineApp] Loading url_file 'ipengine.json'
2018-07-06 11:58:23.918 [IPEngineApp] Loading url_file 'ipengine.json'
2018-07-06 11:58:23.947 [IPEngineApp] Loading url_file 'ipengine.json'
2018-07-06 11:58:23.982 [IPEngineApp] Loading url_file 'ipengine.json'
2018-07-06 11:58:24.002 [IPEngineApp] Loading url_file 'ipengine.json'
2018-07-06 11:58:24.028 [IPEngineApp] Loading url_file 'ipengine.json'
2018-07-06 11:58:24.038 [IPEngineApp] Loading url_file 'ipengine.json'
2018-07-06 11:58:24.052 [IPEngineApp] Loading url_file 'ipengine.json'
2018-07-06 11:58:24.055 [IPEngineApp] Loading url_file 'ipengine.json'
2018-07-06 11:58:24.061 [IPEngineApp] Loading url_file 'ipengine.json'
2018-07-06 11:58:24.070 [IPEngineApp] Loading url_file 'ipengine.json'
2018-07-06 11:58:24.104 [IPEngineApp] Loading url_file 'ipengine.json'
2018-07-06 11:58:24.106 [IPEngineApp] Loading url_file 'ipengine.json'
2018-07-06 11:58:24.117 [IPEngineApp] Loading url_file 'ipengine.json'
2018-07-06 11:58:24.124 [IPEngineApp] Loading url_file 'ipengine.json'
2018-07-06 11:58:24.173 [IPEngineApp] Loading url_file 'ipengine.json'
2018-07-06 11:58:24.203 [IPEngineApp] Loading url_file 'ipengine.json'
2018-07-06 11:58:24.377 [IPEngineApp] Loading url_file 'ipengine.json'
2018-07-06 11:58:24.388 [IPEngineApp] Loading url_file 'ipengine.json'
2018-07-06 11:58:24.420 [IPEngineApp] Loading url_file 'ipengine.json'
2018-07-06 11:58:24.447 [IPEngineApp] Loading url_file 'ipengine.json'
2018-07-06 11:58:26.091 [IPEngineApp] Loading url_file 'ipengine.json'
2018-07-06 11:58:26.103 [IPEngineApp] Registering with controller at tcp://10.50.180.72:62431
2018-07-06 11:58:26.140 [IPEngineApp] Loading url_file 'ipengine.json'
2018-07-06 11:58:26.230 [IPEngineApp] Registering with controller at tcp://10.50.180.72:62431
2018-07-06 11:58:26.239 [IPEngineApp] Loading url_file 'ipengine.json'
2018-07-06 11:58:26.278 [IPEngineApp] Registering with controller at tcp://10.50.180.72:62431
2018-07-06 11:58:26.291 [IPEngineApp] Registering with controller at tcp://10.50.180.72:62431
2018-07-06 11:58:26.304 [IPEngineApp] Registering with controller at tcp://10.50.180.72:62431
2018-07-06 11:58:26.392 [IPEngineApp] Registering with controller at tcp://10.50.180.72:62431
2018-07-06 11:58:26.395 [IPEngineApp] Registering with controller at tcp://10.50.180.72:62431
2018-07-06 11:58:26.411 [IPEngineApp] Loading url_file 'ipengine.json'
2018-07-06 11:58:26.526 [IPEngineApp] Registering with controller at tcp://10.50.180.72:62431
2018-07-06 11:58:26.533 [IPEngineApp] Registering with controller at tcp://10.50.180.72:62431
2018-07-06 11:58:26.537 [IPEngineApp] Registering with controller at tcp://10.50.180.72:62431
2018-07-06 11:58:26.545 [IPEngineApp] Registering with controller at tcp://10.50.180.72:62431
2018-07-06 11:58:26.548 [IPEngineApp] Registering with controller at tcp://10.50.180.72:62431
2018-07-06 11:58:26.552 [IPEngineApp] Registering with controller at tcp://10.50.180.72:62431
2018-07-06 11:58:26.566 [IPEngineApp] Registering with controller at tcp://10.50.180.72:62431
2018-07-06 11:58:26.588 [IPEngineApp] Registering with controller at tcp://10.50.180.72:62431
2018-07-06 11:58:26.603 [IPEngineApp] Registering with controller at tcp://10.50.180.72:62431
2018-07-06 11:58:26.623 [IPEngineApp] Registering with controller at tcp://10.50.180.72:62431
2018-07-06 11:58:26.637 [IPEngineApp] Registering with controller at tcp://10.50.180.72:62431
2018-07-06 11:58:26.642 [IPEngineApp] Registering with controller at tcp://10.50.180.72:62431
2018-07-06 11:58:26.645 [IPEngineApp] Registering with controller at tcp://10.50.180.72:62431
2018-07-06 11:58:26.655 [IPEngineApp] Registering with controller at tcp://10.50.180.72:62431
2018-07-06 11:58:26.761 [IPEngineApp] Registering with controller at tcp://10.50.180.72:62431
2018-07-06 11:58:26.777 [IPEngineApp] Registering with controller at tcp://10.50.180.72:62431
2018-07-06 11:58:26.786 [IPEngineApp] Registering with controller at tcp://10.50.180.72:62431
2018-07-06 11:58:26.789 [IPEngineApp] Registering with controller at tcp://10.50.180.72:62431
2018-07-06 11:58:26.794 [IPEngineApp] Registering with controller at tcp://10.50.180.72:62431
2018-07-06 11:58:26.833 [IPEngineApp] Registering with controller at tcp://10.50.180.72:62431
2018-07-06 11:58:26.853 [IPEngineApp] Registering with controller at tcp://10.50.180.72:62431
2018-07-06 11:58:26.856 [IPEngineApp] Registering with controller at tcp://10.50.180.72:62431
2018-07-06 11:58:26.894 [IPEngineApp] Loading url_file 'ipengine.json'
2018-07-06 11:58:26.914 [IPEngineApp] Registering with controller at tcp://10.50.180.72:62431
