2018-07-06 10:36:41.891 [IPEngineApp] Loading url_file 'ipengine.json'
2018-07-06 10:36:42.003 [IPEngineApp] Loading url_file 'ipengine.json'
2018-07-06 10:36:42.014 [IPEngineApp] Loading url_file 'ipengine.json'
2018-07-06 10:36:42.028 [IPEngineApp] Loading url_file 'ipengine.json'
2018-07-06 10:36:41.909 [IPEngineApp] Loading url_file 'ipengine.json'
2018-07-06 10:36:42.017 [IPEngineApp] Loading url_file 'ipengine.json'
2018-07-06 10:36:41.913 [IPEngineApp] Loading url_file 'ipengine.json'
2018-07-06 10:36:41.956 [IPEngineApp] Loading url_file 'ipengine.json'
2018-07-06 10:36:41.902 [IPEngineApp] Loading url_file 'ipengine.json'
2018-07-06 10:36:42.056 [IPEngineApp] Loading url_file 'ipengine.json'
2018-07-06 10:36:42.007 [IPEngineApp] Loading url_file 'ipengine.json'
2018-07-06 10:36:42.031 [IPEngineApp] Loading url_file 'ipengine.json'
2018-07-06 10:36:41.938 [IPEngineApp] Loading url_file 'ipengine.json'
2018-07-06 10:36:41.935 [IPEngineApp] Loading url_file 'ipengine.json'
2018-07-06 10:36:41.906 [IPEngineApp] Loading url_file 'ipengine.json'
2018-07-06 10:36:41.927 [IPEngineApp] Loading url_file 'ipengine.json'
2018-07-06 10:36:42.035 [IPEngineApp] Loading url_file 'ipengine.json'
2018-07-06 10:36:42.059 [IPEngineApp] Loading url_file 'ipengine.json'
2018-07-06 10:36:42.010 [IPEngineApp] Loading url_file 'ipengine.json'
2018-07-06 10:36:41.989 [IPEngineApp] Loading url_file 'ipengine.json'
2018-07-06 10:36:42.021 [IPEngineApp] Loading url_file 'ipengine.json'
2018-07-06 10:36:41.895 [IPEngineApp] Loading url_file 'ipengine.json'
2018-07-06 10:36:42.049 [IPEngineApp] Loading url_file 'ipengine.json'
2018-07-06 10:36:41.945 [IPEngineApp] Loading url_file 'ipengine.json'
2018-07-06 10:36:42.045 [IPEngineApp] Loading url_file 'ipengine.json'
2018-07-06 10:36:41.920 [IPEngineApp] Loading url_file 'ipengine.json'
2018-07-06 10:36:41.982 [IPEngineApp] Loading url_file 'ipengine.json'
2018-07-06 10:36:42.052 [IPEngineApp] Loading url_file 'ipengine.json'
2018-07-06 10:36:42.038 [IPEngineApp] Loading url_file 'ipengine.json'
2018-07-06 10:36:41.942 [IPEngineApp] Loading url_file 'ipengine.json'
2018-07-06 10:36:42.042 [IPEngineApp] Loading url_file 'ipengine.json'
2018-07-06 10:36:41.931 [IPEngineApp] Loading url_file 'ipengine.json'
2018-07-06 10:36:41.963 [IPEngineApp] Loading url_file 'ipengine.json'
2018-07-06 10:36:41.924 [IPEngineApp] Loading url_file 'ipengine.json'
2018-07-06 10:36:41.996 [IPEngineApp] Loading url_file 'ipengine.json'
2018-07-06 10:36:41.971 [IPEngineApp] Loading url_file 'ipengine.json'
2018-07-06 10:36:41.985 [IPEngineApp] Loading url_file 'ipengine.json'
2018-07-06 10:36:41.899 [IPEngineApp] Loading url_file 'ipengine.json'
2018-07-06 10:36:41.974 [IPEngineApp] Loading url_file 'ipengine.json'
2018-07-06 10:36:41.917 [IPEngineApp] Loading url_file 'ipengine.json'
2018-07-06 10:36:41.967 [IPEngineApp] Loading url_file 'ipengine.json'
2018-07-06 10:36:41.960 [IPEngineApp] Loading url_file 'ipengine.json'
2018-07-06 10:36:41.978 [IPEngineApp] Loading url_file 'ipengine.json'
2018-07-06 10:36:41.953 [IPEngineApp] Loading url_file 'ipengine.json'
2018-07-06 10:36:41.949 [IPEngineApp] Loading url_file 'ipengine.json'
2018-07-06 10:36:42.000 [IPEngineApp] Loading url_file 'ipengine.json'
2018-07-06 10:36:41.992 [IPEngineApp] Loading url_file 'ipengine.json'
2018-07-06 10:36:42.024 [IPEngineApp] Loading url_file 'ipengine.json'
2018-07-06 10:36:42.060 [IPEngineApp] Loading url_file 'ipengine.json'
2018-07-06 10:36:46.022 [IPEngineApp] Registering with controller at tcp://10.50.180.72:53371
2018-07-06 10:36:46.027 [IPEngineApp] Registering with controller at tcp://10.50.180.72:53371
2018-07-06 10:36:46.028 [IPEngineApp] Registering with controller at tcp://10.50.180.72:53371
2018-07-06 10:36:46.565 [IPEngineApp] Registering with controller at tcp://10.50.180.72:53371
2018-07-06 10:36:46.548 [IPEngineApp] Registering with controller at tcp://10.50.180.72:53371
2018-07-06 10:36:46.559 [IPEngineApp] Registering with controller at tcp://10.50.180.72:53371
2018-07-06 10:36:46.712 [IPEngineApp] Registering with controller at tcp://10.50.180.72:53371
2018-07-06 10:36:46.778 [IPEngineApp] Registering with controller at tcp://10.50.180.72:53371
2018-07-06 10:36:46.599 [IPEngineApp] Registering with controller at tcp://10.50.180.72:53371
2018-07-06 10:36:46.579 [IPEngineApp] Registering with controller at tcp://10.50.180.72:53371
2018-07-06 10:36:46.777 [IPEngineApp] Registering with controller at tcp://10.50.180.72:53371
2018-07-06 10:36:46.761 [IPEngineApp] Registering with controller at tcp://10.50.180.72:53371
2018-07-06 10:36:46.784 [IPEngineApp] Registering with controller at tcp://10.50.180.72:53371
2018-07-06 10:36:46.786 [IPEngineApp] Registering with controller at tcp://10.50.180.72:53371
2018-07-06 10:36:46.785 [IPEngineApp] Registering with controller at tcp://10.50.180.72:53371
2018-07-06 10:36:46.784 [IPEngineApp] Registering with controller at tcp://10.50.180.72:53371
2018-07-06 10:36:46.586 [IPEngineApp] Registering with controller at tcp://10.50.180.72:53371
2018-07-06 10:36:46.655 [IPEngineApp] Registering with controller at tcp://10.50.180.72:53371
2018-07-06 10:36:46.782 [IPEngineApp] Registering with controller at tcp://10.50.180.72:53371
2018-07-06 10:36:46.786 [IPEngineApp] Registering with controller at tcp://10.50.180.72:53371
2018-07-06 10:36:46.783 [IPEngineApp] Registering with controller at tcp://10.50.180.72:53371
2018-07-06 10:36:46.784 [IPEngineApp] Registering with controller at tcp://10.50.180.72:53371
2018-07-06 10:36:46.790 [IPEngineApp] Registering with controller at tcp://10.50.180.72:53371
2018-07-06 10:36:46.791 [IPEngineApp] Registering with controller at tcp://10.50.180.72:53371
2018-07-06 10:36:46.789 [IPEngineApp] Registering with controller at tcp://10.50.180.72:53371
2018-07-06 10:36:46.800 [IPEngineApp] Registering with controller at tcp://10.50.180.72:53371
2018-07-06 10:36:46.801 [IPEngineApp] Registering with controller at tcp://10.50.180.72:53371
2018-07-06 10:36:46.813 [IPEngineApp] Registering with controller at tcp://10.50.180.72:53371
2018-07-06 10:36:46.790 [IPEngineApp] Registering with controller at tcp://10.50.180.72:53371
2018-07-06 10:36:46.794 [IPEngineApp] Registering with controller at tcp://10.50.180.72:53371
2018-07-06 10:36:46.793 [IPEngineApp] Registering with controller at tcp://10.50.180.72:53371
2018-07-06 10:36:46.789 [IPEngineApp] Registering with controller at tcp://10.50.180.72:53371
2018-07-06 10:36:46.796 [IPEngineApp] Registering with controller at tcp://10.50.180.72:53371
2018-07-06 10:36:46.814 [IPEngineApp] Registering with controller at tcp://10.50.180.72:53371
2018-07-06 10:36:46.815 [IPEngineApp] Registering with controller at tcp://10.50.180.72:53371
2018-07-06 10:36:46.817 [IPEngineApp] Registering with controller at tcp://10.50.180.72:53371
2018-07-06 10:36:46.816 [IPEngineApp] Registering with controller at tcp://10.50.180.72:53371
2018-07-06 10:36:46.818 [IPEngineApp] Registering with controller at tcp://10.50.180.72:53371
2018-07-06 10:36:46.820 [IPEngineApp] Registering with controller at tcp://10.50.180.72:53371
2018-07-06 10:36:46.821 [IPEngineApp] Registering with controller at tcp://10.50.180.72:53371
2018-07-06 10:36:46.824 [IPEngineApp] Registering with controller at tcp://10.50.180.72:53371
2018-07-06 10:36:46.832 [IPEngineApp] Registering with controller at tcp://10.50.180.72:53371
2018-07-06 10:36:46.834 [IPEngineApp] Registering with controller at tcp://10.50.180.72:53371
2018-07-06 10:36:46.835 [IPEngineApp] Registering with controller at tcp://10.50.180.72:53371
2018-07-06 10:36:46.837 [IPEngineApp] Registering with controller at tcp://10.50.180.72:53371
2018-07-06 10:36:46.936 [IPEngineApp] Registering with controller at tcp://10.50.180.72:53371
2018-07-06 10:36:46.951 [IPEngineApp] Registering with controller at tcp://10.50.180.72:53371
2018-07-06 10:36:46.957 [IPEngineApp] Loading url_file 'ipengine.json'
