2018-07-03 16:28:51.142 [IPEngineApp] Loading url_file 'ipengine.json'
2018-07-03 16:28:51.177 [IPEngineApp] Loading url_file 'ipengine.json'
2018-07-03 16:28:51.245 [IPEngineApp] Loading url_file 'ipengine.json'
2018-07-03 16:28:51.272 [IPEngineApp] Loading url_file 'ipengine.json'
2018-07-03 16:28:51.345 [IPEngineApp] Loading url_file 'ipengine.json'
2018-07-03 16:28:51.353 [IPEngineApp] Loading url_file 'ipengine.json'
2018-07-03 16:28:51.379 [IPEngineApp] Loading url_file 'ipengine.json'
2018-07-03 16:28:51.393 [IPEngineApp] Loading url_file 'ipengine.json'
2018-07-03 16:28:51.474 [IPEngineApp] Loading url_file 'ipengine.json'
2018-07-03 16:28:51.666 [IPEngineApp] Loading url_file 'ipengine.json'
2018-07-03 16:28:51.700 [IPEngineApp] Loading url_file 'ipengine.json'
2018-07-03 16:28:51.710 [IPEngineApp] Loading url_file 'ipengine.json'
2018-07-03 16:28:51.727 [IPEngineApp] Loading url_file 'ipengine.json'
2018-07-03 16:28:51.729 [IPEngineApp] Loading url_file 'ipengine.json'
2018-07-03 16:28:51.751 [IPEngineApp] Loading url_file 'ipengine.json'
2018-07-03 16:28:51.768 [IPEngineApp] Loading url_file 'ipengine.json'
2018-07-03 16:28:51.772 [IPEngineApp] Loading url_file 'ipengine.json'
2018-07-03 16:28:51.781 [IPEngineApp] Loading url_file 'ipengine.json'
2018-07-03 16:28:51.799 [IPEngineApp] Loading url_file 'ipengine.json'
2018-07-03 16:28:51.837 [IPEngineApp] Loading url_file 'ipengine.json'
2018-07-03 16:28:51.839 [IPEngineApp] Loading url_file 'ipengine.json'
2018-07-03 16:28:51.844 [IPEngineApp] Loading url_file 'ipengine.json'
2018-07-03 16:28:51.845 [IPEngineApp] Loading url_file 'ipengine.json'
2018-07-03 16:28:51.852 [IPEngineApp] Loading url_file 'ipengine.json'
2018-07-03 16:28:51.888 [IPEngineApp] Loading url_file 'ipengine.json'
2018-07-03 16:28:51.952 [IPEngineApp] Loading url_file 'ipengine.json'
2018-07-03 16:28:51.954 [IPEngineApp] Loading url_file 'ipengine.json'
2018-07-03 16:28:51.961 [IPEngineApp] Loading url_file 'ipengine.json'
2018-07-03 16:28:51.975 [IPEngineApp] Loading url_file 'ipengine.json'
2018-07-03 16:28:51.976 [IPEngineApp] Loading url_file 'ipengine.json'
2018-07-03 16:28:51.979 [IPEngineApp] Loading url_file 'ipengine.json'
2018-07-03 16:28:51.981 [IPEngineApp] Loading url_file 'ipengine.json'
2018-07-03 16:28:51.988 [IPEngineApp] Loading url_file 'ipengine.json'
2018-07-03 16:28:51.999 [IPEngineApp] Registering with controller at tcp://10.50.180.71:50397
2018-07-03 16:28:52.016 [IPEngineApp] Loading url_file 'ipengine.json'
2018-07-03 16:28:52.061 [IPEngineApp] Loading url_file 'ipengine.json'
2018-07-03 16:28:52.070 [IPEngineApp] Registering with controller at tcp://10.50.180.71:50397
2018-07-03 16:28:52.088 [IPEngineApp] Loading url_file 'ipengine.json'
2018-07-03 16:28:52.100 [IPEngineApp] Loading url_file 'ipengine.json'
2018-07-03 16:28:52.135 [IPEngineApp] Loading url_file 'ipengine.json'
2018-07-03 16:28:51.942 [IPEngineApp] Loading url_file 'ipengine.json'
2018-07-03 16:28:52.157 [IPEngineApp] Registering with controller at tcp://10.50.180.71:50397
2018-07-03 16:28:52.173 [IPEngineApp] Registering with controller at tcp://10.50.180.71:50397
2018-07-03 16:28:52.246 [IPEngineApp] Registering with controller at tcp://10.50.180.71:50397
2018-07-03 16:28:52.254 [IPEngineApp] Registering with controller at tcp://10.50.180.71:50397
2018-07-03 16:28:52.257 [IPEngineApp] Registering with controller at tcp://10.50.180.71:50397
2018-07-03 16:28:52.269 [IPEngineApp] Registering with controller at tcp://10.50.180.71:50397
2018-07-03 16:28:52.298 [IPEngineApp] Loading url_file 'ipengine.json'
2018-07-03 16:28:52.309 [IPEngineApp] Loading url_file 'ipengine.json'
2018-07-03 16:28:52.366 [IPEngineApp] Registering with controller at tcp://10.50.180.71:50397
2018-07-03 16:28:53.979 [IPEngineApp] Registering with controller at tcp://10.50.180.71:50397
2018-07-03 16:28:54.011 [IPEngineApp] Registering with controller at tcp://10.50.180.71:50397
2018-07-03 16:28:54.024 [IPEngineApp] Registering with controller at tcp://10.50.180.71:50397
2018-07-03 16:28:54.034 [IPEngineApp] Registering with controller at tcp://10.50.180.71:50397
2018-07-03 16:28:54.035 [IPEngineApp] Registering with controller at tcp://10.50.180.71:50397
2018-07-03 16:28:54.084 [IPEngineApp] Registering with controller at tcp://10.50.180.71:50397
2018-07-03 16:28:54.086 [IPEngineApp] Registering with controller at tcp://10.50.180.71:50397
2018-07-03 16:28:54.089 [IPEngineApp] Registering with controller at tcp://10.50.180.71:50397
2018-07-03 16:28:54.091 [IPEngineApp] Registering with controller at tcp://10.50.180.71:50397
2018-07-03 16:28:54.045 [IPEngineApp] Registering with controller at tcp://10.50.180.71:50397
2018-07-03 16:28:54.051 [IPEngineApp] Registering with controller at tcp://10.50.180.71:50397
2018-07-03 16:28:54.053 [IPEngineApp] Registering with controller at tcp://10.50.180.71:50397
2018-07-03 16:28:54.058 [IPEngineApp] Registering with controller at tcp://10.50.180.71:50397
2018-07-03 16:28:54.061 [IPEngineApp] Registering with controller at tcp://10.50.180.71:50397
2018-07-03 16:28:54.059 [IPEngineApp] Registering with controller at tcp://10.50.180.71:50397
2018-07-03 16:28:54.114 [IPEngineApp] Registering with controller at tcp://10.50.180.71:50397
2018-07-03 16:28:54.145 [IPEngineApp] Registering with controller at tcp://10.50.180.71:50397
2018-07-03 16:28:54.148 [IPEngineApp] Registering with controller at tcp://10.50.180.71:50397
2018-07-03 16:28:54.155 [IPEngineApp] Registering with controller at tcp://10.50.180.71:50397
2018-07-03 16:28:54.158 [IPEngineApp] Registering with controller at tcp://10.50.180.71:50397
2018-07-03 16:28:54.161 [IPEngineApp] Registering with controller at tcp://10.50.180.71:50397
2018-07-03 16:28:54.164 [IPEngineApp] Registering with controller at tcp://10.50.180.71:50397
2018-07-03 16:28:54.167 [IPEngineApp] Registering with controller at tcp://10.50.180.71:50397
2018-07-03 16:28:54.170 [IPEngineApp] Registering with controller at tcp://10.50.180.71:50397
2018-07-03 16:28:54.186 [IPEngineApp] Registering with controller at tcp://10.50.180.71:50397
2018-07-03 16:28:54.188 [IPEngineApp] Registering with controller at tcp://10.50.180.71:50397
2018-07-03 16:28:54.195 [IPEngineApp] Registering with controller at tcp://10.50.180.71:50397
2018-07-03 16:28:54.198 [IPEngineApp] Registering with controller at tcp://10.50.180.71:50397
2018-07-03 16:28:54.202 [IPEngineApp] Registering with controller at tcp://10.50.180.71:50397
2018-07-03 16:28:54.208 [IPEngineApp] Registering with controller at tcp://10.50.180.71:50397
2018-07-03 16:28:54.210 [IPEngineApp] Registering with controller at tcp://10.50.180.71:50397
2018-07-03 16:28:54.239 [IPEngineApp] Registering with controller at tcp://10.50.180.71:50397
2018-07-03 16:28:54.267 [IPEngineApp] Loading url_file 'ipengine.json'
2018-07-03 16:28:54.319 [IPEngineApp] Registering with controller at tcp://10.50.180.71:50397
2018-07-03 16:28:54.552 [IPEngineApp] Loading url_file 'ipengine.json'
2018-07-03 16:28:54.612 [IPEngineApp] Registering with controller at tcp://10.50.180.71:50397
2018-07-03 16:28:54.651 [IPEngineApp] Loading url_file 'ipengine.json'
2018-07-03 16:28:54.670 [IPEngineApp] Loading url_file 'ipengine.json'
2018-07-03 16:28:54.688 [IPEngineApp] Registering with controller at tcp://10.50.180.71:50397
2018-07-03 16:28:54.712 [IPEngineApp] Registering with controller at tcp://10.50.180.71:50397
