2018-07-30 10:38:22.188 [IPEngineApp] Loading url_file 'ipengine.9cf588f3-d595-4ca6-b6a2-ab1608b58357.json'
2018-07-30 10:38:22.197 [IPEngineApp] Loading url_file 'ipengine.9cf588f3-d595-4ca6-b6a2-ab1608b58357.json'
2018-07-30 10:38:22.223 [IPEngineApp] Loading url_file 'ipengine.9cf588f3-d595-4ca6-b6a2-ab1608b58357.json'
2018-07-30 10:38:22.212 [IPEngineApp] Loading url_file 'ipengine.9cf588f3-d595-4ca6-b6a2-ab1608b58357.json'
2018-07-30 10:38:22.233 [IPEngineApp] Loading url_file 'ipengine.9cf588f3-d595-4ca6-b6a2-ab1608b58357.json'
2018-07-30 10:38:22.238 [IPEngineApp] Loading url_file 'ipengine.9cf588f3-d595-4ca6-b6a2-ab1608b58357.json'
2018-07-30 10:38:22.256 [IPEngineApp] Loading url_file 'ipengine.9cf588f3-d595-4ca6-b6a2-ab1608b58357.json'
2018-07-30 10:38:22.289 [IPEngineApp] Loading url_file 'ipengine.9cf588f3-d595-4ca6-b6a2-ab1608b58357.json'
2018-07-30 10:38:22.378 [IPEngineApp] Registering with controller at tcp://10.50.180.71:55361
2018-07-30 10:38:22.388 [IPEngineApp] Registering with controller at tcp://10.50.180.71:55361
2018-07-30 10:38:22.394 [IPEngineApp] Registering with controller at tcp://10.50.180.71:55361
2018-07-30 10:38:22.397 [IPEngineApp] Registering with controller at tcp://10.50.180.71:55361
2018-07-30 10:38:22.410 [IPEngineApp] Registering with controller at tcp://10.50.180.71:55361
2018-07-30 10:38:22.417 [IPEngineApp] Registering with controller at tcp://10.50.180.71:55361
2018-07-30 10:38:22.426 [IPEngineApp] Registering with controller at tcp://10.50.180.71:55361
2018-07-30 10:38:22.458 [IPEngineApp] Registering with controller at tcp://10.50.180.71:55361
2018-07-30 10:38:22.777 [IPEngineApp] Starting to monitor the heartbeat signal from the hub every 3010 ms.
2018-07-30 10:38:22.780 [IPEngineApp] Starting to monitor the heartbeat signal from the hub every 3010 ms.
2018-07-30 10:38:22.791 [IPEngineApp] Starting to monitor the heartbeat signal from the hub every 3010 ms.
2018-07-30 10:38:22.763 [IPEngineApp] Starting to monitor the heartbeat signal from the hub every 3010 ms.
2018-07-30 10:38:22.807 [IPEngineApp] Starting to monitor the heartbeat signal from the hub every 3010 ms.
2018-07-30 10:38:22.811 [IPEngineApp] Starting to monitor the heartbeat signal from the hub every 3010 ms.
2018-07-30 10:38:22.824 [IPEngineApp] Completed registration with id 0
2018-07-30 10:38:22.826 [IPEngineApp] Completed registration with id 1
2018-07-30 10:38:22.836 [IPEngineApp] Completed registration with id 2
2018-07-30 10:38:22.836 [IPEngineApp] Completed registration with id 3
2018-07-30 10:38:22.839 [IPEngineApp] Starting to monitor the heartbeat signal from the hub every 3010 ms.
2018-07-30 10:38:22.847 [IPEngineApp] Completed registration with id 4
2018-07-30 10:38:22.849 [IPEngineApp] Starting to monitor the heartbeat signal from the hub every 3010 ms.
2018-07-30 10:38:22.854 [IPEngineApp] Completed registration with id 5
2018-07-30 10:38:22.856 [IPEngineApp] Completed registration with id 6
2018-07-30 10:38:22.858 [IPEngineApp] Completed registration with id 7
