2018-06-28 14:22:31.312 [IPEngineApp] Loading url_file 'ipengine.json'
2018-06-28 14:22:31.313 [IPEngineApp] Loading url_file 'ipengine.json'
2018-06-28 14:22:31.313 [IPEngineApp] Loading url_file 'ipengine.json'
2018-06-28 14:22:31.322 [IPEngineApp] Loading url_file 'ipengine.json'
2018-06-28 14:22:31.423 [IPEngineApp] Registering with controller at tcp://10.50.180.71:35369
2018-06-28 14:22:31.437 [IPEngineApp] Registering with controller at tcp://10.50.180.71:35369
2018-06-28 14:22:31.440 [IPEngineApp] Registering with controller at tcp://10.50.180.71:35369
2018-06-28 14:22:31.442 [IPEngineApp] Registering with controller at tcp://10.50.180.71:35369
2018-06-28 14:22:31.618 [IPEngineApp] Starting to monitor the heartbeat signal from the hub every 3010 ms.
2018-06-28 14:22:31.641 [IPEngineApp] Starting to monitor the heartbeat signal from the hub every 3010 ms.
2018-06-28 14:22:31.653 [IPEngineApp] Starting to monitor the heartbeat signal from the hub every 3010 ms.
2018-06-28 14:22:31.655 [IPEngineApp] Completed registration with id 4
2018-06-28 14:22:31.657 [IPEngineApp] Starting to monitor the heartbeat signal from the hub every 3010 ms.
2018-06-28 14:22:31.670 [IPEngineApp] Completed registration with id 10
2018-06-28 14:22:31.672 [IPEngineApp] Completed registration with id 11
2018-06-28 14:22:31.672 [IPEngineApp] Completed registration with id 9
