2018-06-28 18:02:46.527 [IPEngineApp] Loading url_file 'ipengine.json'
2018-06-28 18:02:46.549 [IPEngineApp] Loading url_file 'ipengine.json'
2018-06-28 18:02:46.553 [IPEngineApp] Loading url_file 'ipengine.json'
2018-06-28 18:02:46.545 [IPEngineApp] Loading url_file 'ipengine.json'
2018-06-28 18:02:46.614 [IPEngineApp] Registering with controller at tcp://10.50.180.71:47875
2018-06-28 18:02:46.628 [IPEngineApp] Registering with controller at tcp://10.50.180.71:47875
2018-06-28 18:02:46.639 [IPEngineApp] Registering with controller at tcp://10.50.180.71:47875
2018-06-28 18:02:46.642 [IPEngineApp] Registering with controller at tcp://10.50.180.71:47875
2018-06-28 18:02:46.827 [IPEngineApp] Starting to monitor the heartbeat signal from the hub every 3010 ms.
2018-06-28 18:02:46.853 [IPEngineApp] Starting to monitor the heartbeat signal from the hub every 3010 ms.
2018-06-28 18:02:46.862 [IPEngineApp] Completed registration with id 124
2018-06-28 18:02:46.865 [IPEngineApp] Starting to monitor the heartbeat signal from the hub every 3010 ms.
2018-06-28 18:02:46.864 [IPEngineApp] Starting to monitor the heartbeat signal from the hub every 3010 ms.
2018-06-28 18:02:46.874 [IPEngineApp] Completed registration with id 125
2018-06-28 18:02:46.878 [IPEngineApp] Completed registration with id 127
2018-06-28 18:02:46.878 [IPEngineApp] Completed registration with id 126
