2018-07-13 14:11:54.173 [IPEngineApp] Loading url_file 'ipengine.json'
2018-07-13 14:11:54.177 [IPEngineApp] Loading url_file 'ipengine.json'
2018-07-13 14:11:54.265 [IPEngineApp] Loading url_file 'ipengine.json'
2018-07-13 14:11:54.258 [IPEngineApp] Loading url_file 'ipengine.json'
2018-07-13 14:11:54.203 [IPEngineApp] Loading url_file 'ipengine.json'
2018-07-13 14:11:54.196 [IPEngineApp] Loading url_file 'ipengine.json'
2018-07-13 14:11:54.192 [IPEngineApp] Loading url_file 'ipengine.json'
2018-07-13 14:11:54.273 [IPEngineApp] Loading url_file 'ipengine.json'
2018-07-13 14:11:54.184 [IPEngineApp] Loading url_file 'ipengine.json'
2018-07-13 14:11:54.280 [IPEngineApp] Loading url_file 'ipengine.json'
2018-07-13 14:11:54.181 [IPEngineApp] Loading url_file 'ipengine.json'
2018-07-13 14:11:54.200 [IPEngineApp] Loading url_file 'ipengine.json'
2018-07-13 14:11:54.269 [IPEngineApp] Loading url_file 'ipengine.json'
2018-07-13 14:11:54.188 [IPEngineApp] Loading url_file 'ipengine.json'
2018-07-13 14:11:54.250 [IPEngineApp] Loading url_file 'ipengine.json'
2018-07-13 14:11:54.276 [IPEngineApp] Loading url_file 'ipengine.json'
2018-07-13 14:11:54.261 [IPEngineApp] Loading url_file 'ipengine.json'
2018-07-13 14:11:54.211 [IPEngineApp] Loading url_file 'ipengine.json'
2018-07-13 14:11:54.254 [IPEngineApp] Loading url_file 'ipengine.json'
2018-07-13 14:11:54.207 [IPEngineApp] Loading url_file 'ipengine.json'
2018-07-13 14:11:54.246 [IPEngineApp] Loading url_file 'ipengine.json'
2018-07-13 14:11:54.219 [IPEngineApp] Loading url_file 'ipengine.json'
2018-07-13 14:11:54.215 [IPEngineApp] Loading url_file 'ipengine.json'
2018-07-13 14:11:54.302 [IPEngineApp] Loading url_file 'ipengine.json'
2018-07-13 14:11:54.284 [IPEngineApp] Loading url_file 'ipengine.json'
2018-07-13 14:11:54.242 [IPEngineApp] Loading url_file 'ipengine.json'
2018-07-13 14:11:54.227 [IPEngineApp] Loading url_file 'ipengine.json'
2018-07-13 14:11:54.239 [IPEngineApp] Loading url_file 'ipengine.json'
2018-07-13 14:11:54.223 [IPEngineApp] Loading url_file 'ipengine.json'
2018-07-13 14:11:54.235 [IPEngineApp] Loading url_file 'ipengine.json'
2018-07-13 14:11:54.287 [IPEngineApp] Loading url_file 'ipengine.json'
2018-07-13 14:11:54.231 [IPEngineApp] Loading url_file 'ipengine.json'
2018-07-13 14:11:54.957 [IPEngineApp] Registering with controller at tcp://10.50.180.72:61481
2018-07-13 14:11:54.960 [IPEngineApp] Registering with controller at tcp://10.50.180.72:61481
2018-07-13 14:11:54.962 [IPEngineApp] Registering with controller at tcp://10.50.180.72:61481
2018-07-13 14:11:54.965 [IPEngineApp] Registering with controller at tcp://10.50.180.72:61481
2018-07-13 14:11:54.968 [IPEngineApp] Registering with controller at tcp://10.50.180.72:61481
2018-07-13 14:11:54.971 [IPEngineApp] Registering with controller at tcp://10.50.180.72:61481
2018-07-13 14:11:54.973 [IPEngineApp] Registering with controller at tcp://10.50.180.72:61481
2018-07-13 14:11:54.976 [IPEngineApp] Registering with controller at tcp://10.50.180.72:61481
2018-07-13 14:11:54.979 [IPEngineApp] Registering with controller at tcp://10.50.180.72:61481
2018-07-13 14:11:54.982 [IPEngineApp] Registering with controller at tcp://10.50.180.72:61481
2018-07-13 14:11:54.984 [IPEngineApp] Registering with controller at tcp://10.50.180.72:61481
2018-07-13 14:11:54.987 [IPEngineApp] Registering with controller at tcp://10.50.180.72:61481
2018-07-13 14:11:54.990 [IPEngineApp] Registering with controller at tcp://10.50.180.72:61481
2018-07-13 14:11:54.992 [IPEngineApp] Registering with controller at tcp://10.50.180.72:61481
2018-07-13 14:11:54.995 [IPEngineApp] Registering with controller at tcp://10.50.180.72:61481
2018-07-13 14:11:54.997 [IPEngineApp] Registering with controller at tcp://10.50.180.72:61481
2018-07-13 14:11:55.000 [IPEngineApp] Registering with controller at tcp://10.50.180.72:61481
2018-07-13 14:11:55.003 [IPEngineApp] Registering with controller at tcp://10.50.180.72:61481
2018-07-13 14:11:55.005 [IPEngineApp] Registering with controller at tcp://10.50.180.72:61481
2018-07-13 14:11:55.026 [IPEngineApp] Registering with controller at tcp://10.50.180.72:61481
2018-07-13 14:11:55.008 [IPEngineApp] Registering with controller at tcp://10.50.180.72:61481
2018-07-13 14:11:55.010 [IPEngineApp] Registering with controller at tcp://10.50.180.72:61481
2018-07-13 14:11:55.007 [IPEngineApp] Registering with controller at tcp://10.50.180.72:61481
2018-07-13 14:11:55.011 [IPEngineApp] Registering with controller at tcp://10.50.180.72:61481
2018-07-13 14:11:55.013 [IPEngineApp] Registering with controller at tcp://10.50.180.72:61481
2018-07-13 14:11:55.014 [IPEngineApp] Registering with controller at tcp://10.50.180.72:61481
2018-07-13 14:11:55.016 [IPEngineApp] Registering with controller at tcp://10.50.180.72:61481
2018-07-13 14:11:55.019 [IPEngineApp] Registering with controller at tcp://10.50.180.72:61481
2018-07-13 14:11:55.018 [IPEngineApp] Registering with controller at tcp://10.50.180.72:61481
2018-07-13 14:11:55.020 [IPEngineApp] Registering with controller at tcp://10.50.180.72:61481
2018-07-13 14:11:55.022 [IPEngineApp] Registering with controller at tcp://10.50.180.72:61481
2018-07-13 14:11:55.023 [IPEngineApp] Registering with controller at tcp://10.50.180.72:61481
2018-07-13 14:11:56.653 [IPEngineApp] Starting to monitor the heartbeat signal from the hub every 3010 ms.
2018-07-13 14:11:56.658 [IPEngineApp] Starting to monitor the heartbeat signal from the hub every 3010 ms.
2018-07-13 14:11:56.672 [IPEngineApp] Starting to monitor the heartbeat signal from the hub every 3010 ms.
2018-07-13 14:11:56.678 [IPEngineApp] Starting to monitor the heartbeat signal from the hub every 3010 ms.
2018-07-13 14:11:56.692 [IPEngineApp] Starting to monitor the heartbeat signal from the hub every 3010 ms.
2018-07-13 14:11:56.699 [IPEngineApp] Starting to monitor the heartbeat signal from the hub every 3010 ms.
2018-07-13 14:11:56.702 [IPEngineApp] Starting to monitor the heartbeat signal from the hub every 3010 ms.
2018-07-13 14:11:56.705 [IPEngineApp] Starting to monitor the heartbeat signal from the hub every 3010 ms.
2018-07-13 14:11:56.711 [IPEngineApp] Starting to monitor the heartbeat signal from the hub every 3010 ms.
2018-07-13 14:11:56.715 [IPEngineApp] Starting to monitor the heartbeat signal from the hub every 3010 ms.
2018-07-13 14:11:56.720 [IPEngineApp] Starting to monitor the heartbeat signal from the hub every 3010 ms.
2018-07-13 14:11:56.726 [IPEngineApp] Starting to monitor the heartbeat signal from the hub every 3010 ms.
2018-07-13 14:11:56.730 [IPEngineApp] Starting to monitor the heartbeat signal from the hub every 3010 ms.
2018-07-13 14:11:56.735 [IPEngineApp] Starting to monitor the heartbeat signal from the hub every 3010 ms.
2018-07-13 14:11:56.739 [IPEngineApp] Starting to monitor the heartbeat signal from the hub every 3010 ms.
2018-07-13 14:11:56.745 [IPEngineApp] Starting to monitor the heartbeat signal from the hub every 3010 ms.
2018-07-13 14:11:56.749 [IPEngineApp] Starting to monitor the heartbeat signal from the hub every 3010 ms.
2018-07-13 14:11:56.755 [IPEngineApp] Starting to monitor the heartbeat signal from the hub every 3010 ms.
2018-07-13 14:11:56.759 [IPEngineApp] Starting to monitor the heartbeat signal from the hub every 3010 ms.
2018-07-13 14:11:56.764 [IPEngineApp] Starting to monitor the heartbeat signal from the hub every 3010 ms.
2018-07-13 14:11:56.768 [IPEngineApp] Starting to monitor the heartbeat signal from the hub every 3010 ms.
2018-07-13 14:11:56.773 [IPEngineApp] Starting to monitor the heartbeat signal from the hub every 3010 ms.
2018-07-13 14:11:56.778 [IPEngineApp] Starting to monitor the heartbeat signal from the hub every 3010 ms.
2018-07-13 14:11:56.625 [IPEngineApp] Starting to monitor the heartbeat signal from the hub every 3010 ms.
2018-07-13 14:11:56.788 [IPEngineApp] Starting to monitor the heartbeat signal from the hub every 3010 ms.
2018-07-13 14:11:56.793 [IPEngineApp] Starting to monitor the heartbeat signal from the hub every 3010 ms.
2018-07-13 14:11:56.797 [IPEngineApp] Starting to monitor the heartbeat signal from the hub every 3010 ms.
2018-07-13 14:11:56.645 [IPEngineApp] Starting to monitor the heartbeat signal from the hub every 3010 ms.
2018-07-13 14:11:56.649 [IPEngineApp] Starting to monitor the heartbeat signal from the hub every 3010 ms.
2018-07-13 14:11:56.810 [IPEngineApp] Starting to monitor the heartbeat signal from the hub every 3010 ms.
2018-07-13 14:11:56.822 [IPEngineApp] Starting to monitor the heartbeat signal from the hub every 3010 ms.
2018-07-13 14:11:56.827 [IPEngineApp] Starting to monitor the heartbeat signal from the hub every 3010 ms.
2018-07-13 14:11:56.851 [IPEngineApp] Completed registration with id 4
2018-07-13 14:11:56.858 [IPEngineApp] Completed registration with id 11
2018-07-13 14:11:56.860 [IPEngineApp] Completed registration with id 8
2018-07-13 14:11:56.862 [IPEngineApp] Completed registration with id 1
2018-07-13 14:11:56.863 [IPEngineApp] Completed registration with id 5
2018-07-13 14:11:56.865 [IPEngineApp] Completed registration with id 25
2018-07-13 14:11:56.867 [IPEngineApp] Completed registration with id 3
2018-07-13 14:11:56.869 [IPEngineApp] Completed registration with id 9
2018-07-13 14:11:56.870 [IPEngineApp] Completed registration with id 13
2018-07-13 14:11:56.872 [IPEngineApp] Completed registration with id 10
2018-07-13 14:11:56.873 [IPEngineApp] Completed registration with id 14
2018-07-13 14:11:56.875 [IPEngineApp] Completed registration with id 26
2018-07-13 14:11:56.876 [IPEngineApp] Completed registration with id 0
2018-07-13 14:11:56.878 [IPEngineApp] Completed registration with id 17
2018-07-13 14:11:56.879 [IPEngineApp] Completed registration with id 19
2018-07-13 14:11:56.881 [IPEngineApp] Completed registration with id 12
2018-07-13 14:11:56.882 [IPEngineApp] Completed registration with id 27
2018-07-13 14:11:56.883 [IPEngineApp] Completed registration with id 21
2018-07-13 14:11:56.885 [IPEngineApp] Completed registration with id 18
2018-07-13 14:11:56.886 [IPEngineApp] Completed registration with id 20
2018-07-13 14:11:56.888 [IPEngineApp] Completed registration with id 15
2018-07-13 14:11:56.890 [IPEngineApp] Completed registration with id 7
2018-07-13 14:11:56.891 [IPEngineApp] Completed registration with id 22
2018-07-13 14:11:56.893 [IPEngineApp] Completed registration with id 6
2018-07-13 14:11:56.894 [IPEngineApp] Completed registration with id 23
2018-07-13 14:11:56.896 [IPEngineApp] Completed registration with id 16
2018-07-13 14:11:56.898 [IPEngineApp] Completed registration with id 2
2018-07-13 14:11:56.900 [IPEngineApp] Completed registration with id 30
2018-07-13 14:11:56.902 [IPEngineApp] Completed registration with id 31
2018-07-13 14:11:56.905 [IPEngineApp] Completed registration with id 29
2018-07-13 14:11:56.906 [IPEngineApp] Completed registration with id 24
2018-07-13 14:11:56.906 [IPEngineApp] Completed registration with id 28
