2018-07-30 10:32:21.779 [IPEngineApp] Loading url_file 'ipengine.json'
2018-07-30 10:32:21.802 [IPEngineApp] Loading url_file 'ipengine.json'
2018-07-30 10:32:21.803 [IPEngineApp] Loading url_file 'ipengine.json'
2018-07-30 10:32:21.783 [IPEngineApp] Loading url_file 'ipengine.json'
2018-07-30 10:32:21.801 [IPEngineApp] Loading url_file 'ipengine.json'
2018-07-30 10:32:21.791 [IPEngineApp] Loading url_file 'ipengine.json'
2018-07-30 10:32:21.799 [IPEngineApp] Loading url_file 'ipengine.json'
2018-07-30 10:32:21.805 [IPEngineApp] Loading url_file 'ipengine.json'
2018-07-30 10:32:21.969 [IPEngineApp] Registering with controller at tcp://10.50.180.71:33397
2018-07-30 10:32:21.972 [IPEngineApp] Registering with controller at tcp://10.50.180.71:33397
2018-07-30 10:32:21.975 [IPEngineApp] Registering with controller at tcp://10.50.180.71:33397
2018-07-30 10:32:21.979 [IPEngineApp] Registering with controller at tcp://10.50.180.71:33397
2018-07-30 10:32:21.982 [IPEngineApp] Registering with controller at tcp://10.50.180.71:33397
2018-07-30 10:32:21.985 [IPEngineApp] Registering with controller at tcp://10.50.180.71:33397
2018-07-30 10:32:21.988 [IPEngineApp] Registering with controller at tcp://10.50.180.71:33397
2018-07-30 10:32:21.991 [IPEngineApp] Registering with controller at tcp://10.50.180.71:33397
2018-07-30 10:32:22.338 [IPEngineApp] Starting to monitor the heartbeat signal from the hub every 3010 ms.
2018-07-30 10:32:22.349 [IPEngineApp] Starting to monitor the heartbeat signal from the hub every 3010 ms.
2018-07-30 10:32:22.358 [IPEngineApp] Starting to monitor the heartbeat signal from the hub every 3010 ms.
2018-07-30 10:32:22.366 [IPEngineApp] Starting to monitor the heartbeat signal from the hub every 3010 ms.
2018-07-30 10:32:22.377 [IPEngineApp] Starting to monitor the heartbeat signal from the hub every 3010 ms.
2018-07-30 10:32:22.383 [IPEngineApp] Starting to monitor the heartbeat signal from the hub every 3010 ms.
2018-07-30 10:32:22.392 [IPEngineApp] Starting to monitor the heartbeat signal from the hub every 3010 ms.
2018-07-30 10:32:22.373 [IPEngineApp] Starting to monitor the heartbeat signal from the hub every 3010 ms.
2018-07-30 10:32:22.407 [IPEngineApp] Completed registration with id 0
2018-07-30 10:32:22.412 [IPEngineApp] Completed registration with id 1
2018-07-30 10:32:22.415 [IPEngineApp] Completed registration with id 5
2018-07-30 10:32:22.418 [IPEngineApp] Completed registration with id 3
2018-07-30 10:32:22.418 [IPEngineApp] Completed registration with id 2
2018-07-30 10:32:22.422 [IPEngineApp] Completed registration with id 4
2018-07-30 10:32:22.422 [IPEngineApp] Completed registration with id 6
2018-07-30 10:32:22.424 [IPEngineApp] Completed registration with id 7
