2018-06-28 14:24:33.750 [IPEngineApp] Loading url_file 'ipengine.json'
2018-06-28 14:24:33.751 [IPEngineApp] Loading url_file 'ipengine.json'
2018-06-28 14:24:33.751 [IPEngineApp] Loading url_file 'ipengine.json'
2018-06-28 14:24:33.752 [IPEngineApp] Loading url_file 'ipengine.json'
2018-06-28 14:24:33.822 [IPEngineApp] Registering with controller at tcp://10.50.180.71:56376
2018-06-28 14:24:33.834 [IPEngineApp] Registering with controller at tcp://10.50.180.71:56376
2018-06-28 14:24:33.840 [IPEngineApp] Registering with controller at tcp://10.50.180.71:56376
2018-06-28 14:24:33.843 [IPEngineApp] Registering with controller at tcp://10.50.180.71:56376
2018-06-28 14:24:34.045 [IPEngineApp] Starting to monitor the heartbeat signal from the hub every 3010 ms.
2018-06-28 14:24:34.051 [IPEngineApp] Starting to monitor the heartbeat signal from the hub every 3010 ms.
2018-06-28 14:24:34.057 [IPEngineApp] Starting to monitor the heartbeat signal from the hub every 3010 ms.
2018-06-28 14:24:34.061 [IPEngineApp] Starting to monitor the heartbeat signal from the hub every 3010 ms.
2018-06-28 14:24:34.067 [IPEngineApp] Completed registration with id 26
2018-06-28 14:24:34.076 [IPEngineApp] Completed registration with id 24
2018-06-28 14:24:34.079 [IPEngineApp] Completed registration with id 27
2018-06-28 14:24:34.079 [IPEngineApp] Completed registration with id 25
