2018-07-05 05:36:45.461 [IPEngineApp] Loading url_file 'ipengine.json'
2018-07-05 05:36:45.587 [IPEngineApp] Loading url_file 'ipengine.json'
2018-07-05 05:36:45.573 [IPEngineApp] Loading url_file 'ipengine.json'
2018-07-05 05:36:45.752 [IPEngineApp] Loading url_file 'ipengine.json'
2018-07-05 05:36:45.758 [IPEngineApp] Loading url_file 'ipengine.json'
2018-07-05 05:36:45.761 [IPEngineApp] Loading url_file 'ipengine.json'
2018-07-05 05:36:45.791 [IPEngineApp] Loading url_file 'ipengine.json'
2018-07-05 05:36:45.793 [IPEngineApp] Loading url_file 'ipengine.json'
2018-07-05 05:36:45.852 [IPEngineApp] Loading url_file 'ipengine.json'
2018-07-05 05:36:45.891 [IPEngineApp] Loading url_file 'ipengine.json'
2018-07-05 05:36:45.903 [IPEngineApp] Loading url_file 'ipengine.json'
2018-07-05 05:36:45.909 [IPEngineApp] Loading url_file 'ipengine.json'
2018-07-05 05:36:45.918 [IPEngineApp] Loading url_file 'ipengine.json'
2018-07-05 05:36:45.920 [IPEngineApp] Loading url_file 'ipengine.json'
2018-07-05 05:36:45.934 [IPEngineApp] Loading url_file 'ipengine.json'
2018-07-05 05:36:45.944 [IPEngineApp] Loading url_file 'ipengine.json'
2018-07-05 05:36:45.947 [IPEngineApp] Loading url_file 'ipengine.json'
2018-07-05 05:36:45.983 [IPEngineApp] Loading url_file 'ipengine.json'
2018-07-05 05:36:45.985 [IPEngineApp] Loading url_file 'ipengine.json'
2018-07-05 05:36:45.987 [IPEngineApp] Loading url_file 'ipengine.json'
2018-07-05 05:36:46.031 [IPEngineApp] Loading url_file 'ipengine.json'
2018-07-05 05:36:46.037 [IPEngineApp] Loading url_file 'ipengine.json'
2018-07-05 05:36:46.045 [IPEngineApp] Loading url_file 'ipengine.json'
2018-07-05 05:36:46.081 [IPEngineApp] Loading url_file 'ipengine.json'
2018-07-05 05:36:46.092 [IPEngineApp] Loading url_file 'ipengine.json'
2018-07-05 05:36:46.109 [IPEngineApp] Loading url_file 'ipengine.json'
2018-07-05 05:36:46.156 [IPEngineApp] Loading url_file 'ipengine.json'
2018-07-05 05:36:46.159 [IPEngineApp] Loading url_file 'ipengine.json'
2018-07-05 05:36:46.177 [IPEngineApp] Loading url_file 'ipengine.json'
2018-07-05 05:36:46.187 [IPEngineApp] Loading url_file 'ipengine.json'
2018-07-05 05:36:46.198 [IPEngineApp] Loading url_file 'ipengine.json'
2018-07-05 05:36:46.200 [IPEngineApp] Loading url_file 'ipengine.json'
2018-07-05 05:36:46.237 [IPEngineApp] Loading url_file 'ipengine.json'
2018-07-05 05:36:46.374 [IPEngineApp] Registering with controller at tcp://10.50.180.71:52943
2018-07-05 05:36:46.448 [IPEngineApp] Loading url_file 'ipengine.json'
2018-07-05 05:36:46.450 [IPEngineApp] Registering with controller at tcp://10.50.180.71:52943
2018-07-05 05:36:46.458 [IPEngineApp] Registering with controller at tcp://10.50.180.71:52943
2018-07-05 05:36:46.489 [IPEngineApp] Loading url_file 'ipengine.json'
2018-07-05 05:36:46.508 [IPEngineApp] Loading url_file 'ipengine.json'
2018-07-05 05:36:46.514 [IPEngineApp] Loading url_file 'ipengine.json'
2018-07-05 05:36:46.516 [IPEngineApp] Loading url_file 'ipengine.json'
2018-07-05 05:36:48.180 [IPEngineApp] Registering with controller at tcp://10.50.180.71:52943
2018-07-05 05:36:48.221 [IPEngineApp] Registering with controller at tcp://10.50.180.71:52943
2018-07-05 05:36:48.223 [IPEngineApp] Registering with controller at tcp://10.50.180.71:52943
2018-07-05 05:36:48.239 [IPEngineApp] Registering with controller at tcp://10.50.180.71:52943
2018-07-05 05:36:48.241 [IPEngineApp] Registering with controller at tcp://10.50.180.71:52943
2018-07-05 05:36:48.244 [IPEngineApp] Registering with controller at tcp://10.50.180.71:52943
2018-07-05 05:36:48.256 [IPEngineApp] Registering with controller at tcp://10.50.180.71:52943
2018-07-05 05:36:48.259 [IPEngineApp] Registering with controller at tcp://10.50.180.71:52943
2018-07-05 05:36:48.262 [IPEngineApp] Registering with controller at tcp://10.50.180.71:52943
2018-07-05 05:36:48.294 [IPEngineApp] Registering with controller at tcp://10.50.180.71:52943
2018-07-05 05:36:48.297 [IPEngineApp] Registering with controller at tcp://10.50.180.71:52943
2018-07-05 05:36:48.380 [IPEngineApp] Registering with controller at tcp://10.50.180.71:52943
2018-07-05 05:36:48.319 [IPEngineApp] Registering with controller at tcp://10.50.180.71:52943
2018-07-05 05:36:48.326 [IPEngineApp] Registering with controller at tcp://10.50.180.71:52943
2018-07-05 05:36:48.332 [IPEngineApp] Registering with controller at tcp://10.50.180.71:52943
2018-07-05 05:36:48.396 [IPEngineApp] Registering with controller at tcp://10.50.180.71:52943
2018-07-05 05:36:48.405 [IPEngineApp] Registering with controller at tcp://10.50.180.71:52943
2018-07-05 05:36:48.414 [IPEngineApp] Registering with controller at tcp://10.50.180.71:52943
2018-07-05 05:36:48.419 [IPEngineApp] Registering with controller at tcp://10.50.180.71:52943
2018-07-05 05:36:48.425 [IPEngineApp] Registering with controller at tcp://10.50.180.71:52943
2018-07-05 05:36:48.428 [IPEngineApp] Registering with controller at tcp://10.50.180.71:52943
2018-07-05 05:36:48.432 [IPEngineApp] Registering with controller at tcp://10.50.180.71:52943
2018-07-05 05:36:48.436 [IPEngineApp] Registering with controller at tcp://10.50.180.71:52943
2018-07-05 05:36:48.455 [IPEngineApp] Registering with controller at tcp://10.50.180.71:52943
2018-07-05 05:36:48.463 [IPEngineApp] Registering with controller at tcp://10.50.180.71:52943
2018-07-05 05:36:48.465 [IPEngineApp] Registering with controller at tcp://10.50.180.71:52943
2018-07-05 05:36:48.493 [IPEngineApp] Registering with controller at tcp://10.50.180.71:52943
2018-07-05 05:36:48.520 [IPEngineApp] Registering with controller at tcp://10.50.180.71:52943
2018-07-05 05:36:48.549 [IPEngineApp] Registering with controller at tcp://10.50.180.71:52943
2018-07-05 05:36:48.551 [IPEngineApp] Registering with controller at tcp://10.50.180.71:52943
2018-07-05 05:36:48.556 [IPEngineApp] Registering with controller at tcp://10.50.180.71:52943
2018-07-05 05:36:48.561 [IPEngineApp] Registering with controller at tcp://10.50.180.71:52943
2018-07-05 05:36:48.564 [IPEngineApp] Registering with controller at tcp://10.50.180.71:52943
2018-07-05 05:36:48.616 [IPEngineApp] Loading url_file 'ipengine.json'
2018-07-05 05:36:48.681 [IPEngineApp] Registering with controller at tcp://10.50.180.71:52943
2018-07-05 05:36:48.713 [IPEngineApp] Loading url_file 'ipengine.json'
2018-07-05 05:36:48.772 [IPEngineApp] Registering with controller at tcp://10.50.180.71:52943
2018-07-05 05:36:48.970 [IPEngineApp] Loading url_file 'ipengine.json'
2018-07-05 05:36:49.017 [IPEngineApp] Registering with controller at tcp://10.50.180.71:52943
2018-07-05 05:36:49.062 [IPEngineApp] Loading url_file 'ipengine.json'
2018-07-05 05:36:49.112 [IPEngineApp] Registering with controller at tcp://10.50.180.71:52943
2018-07-05 05:36:50.683 [IPEngineApp] Loading url_file 'ipengine.json'
2018-07-05 05:36:50.725 [IPEngineApp] Registering with controller at tcp://10.50.180.71:52943
2018-07-05 05:36:50.732 [IPEngineApp] Loading url_file 'ipengine.json'
2018-07-05 05:36:50.759 [IPEngineApp] Registering with controller at tcp://10.50.180.71:52943
2018-07-05 05:36:50.949 [IPEngineApp] Loading url_file 'ipengine.json'
2018-07-05 05:36:51.093 [IPEngineApp] Loading url_file 'ipengine.json'
2018-07-05 05:36:51.133 [IPEngineApp] Registering with controller at tcp://10.50.180.71:52943
2018-07-05 05:36:51.245 [IPEngineApp] Registering with controller at tcp://10.50.180.71:52943
2018-07-05 05:36:51.262 [IPEngineApp] Loading url_file 'ipengine.json'
2018-07-05 05:36:51.360 [IPEngineApp] Loading url_file 'ipengine.json'
2018-07-05 05:36:51.381 [IPEngineApp] CRITICAL | Registration timed out after 5.0 seconds
2018-07-05 05:36:51.412 [IPEngineApp] Registering with controller at tcp://10.50.180.71:52943
2018-07-05 05:36:51.422 [IPEngineApp] Registering with controller at tcp://10.50.180.71:52943
2018-07-05 05:36:51.456 [IPEngineApp] CRITICAL | Registration timed out after 5.0 seconds
2018-07-05 05:36:51.464 [IPEngineApp] CRITICAL | Registration timed out after 5.0 seconds
2018-07-05 05:36:51.506 [IPEngineApp] Registering with controller at tcp://10.50.180.71:52943
2018-07-05 05:36:51.541 [IPEngineApp] Loading url_file 'ipengine.json'
2018-07-05 05:36:53.089 [IPEngineApp] Loading url_file 'ipengine.json'
2018-07-05 05:36:53.104 [IPEngineApp] Registering with controller at tcp://10.50.180.71:52943
2018-07-05 05:36:53.171 [IPEngineApp] Loading url_file 'ipengine.json'
2018-07-05 05:36:53.187 [IPEngineApp] CRITICAL | Registration timed out after 5.0 seconds
2018-07-05 05:36:53.226 [IPEngineApp] Registering with controller at tcp://10.50.180.71:52943
2018-07-05 05:36:53.227 [IPEngineApp] CRITICAL | Registration timed out after 5.0 seconds
2018-07-05 05:36:53.230 [IPEngineApp] CRITICAL | Registration timed out after 5.0 seconds
2018-07-05 05:36:53.245 [IPEngineApp] CRITICAL | Registration timed out after 5.0 seconds
2018-07-05 05:36:53.248 [IPEngineApp] CRITICAL | Registration timed out after 5.0 seconds
2018-07-05 05:36:53.250 [IPEngineApp] CRITICAL | Registration timed out after 5.0 seconds
2018-07-05 05:36:53.262 [IPEngineApp] CRITICAL | Registration timed out after 5.0 seconds
2018-07-05 05:36:53.265 [IPEngineApp] CRITICAL | Registration timed out after 5.0 seconds
2018-07-05 05:36:53.268 [IPEngineApp] CRITICAL | Registration timed out after 5.0 seconds
2018-07-05 05:36:53.271 [IPEngineApp] Loading url_file 'ipengine.json'
2018-07-05 05:36:53.300 [IPEngineApp] CRITICAL | Registration timed out after 5.0 seconds
2018-07-05 05:36:53.307 [IPEngineApp] Registering with controller at tcp://10.50.180.71:52943
2018-07-05 05:36:53.379 [IPEngineApp] Registering with controller at tcp://10.50.180.71:52943
2018-07-05 05:36:53.384 [IPEngineApp] CRITICAL | Registration timed out after 5.0 seconds
2018-07-05 05:36:53.387 [IPEngineApp] CRITICAL | Registration timed out after 5.0 seconds
2018-07-05 05:36:53.388 [IPEngineApp] CRITICAL | Registration timed out after 5.0 seconds
2018-07-05 05:36:53.390 [IPEngineApp] CRITICAL | Registration timed out after 5.0 seconds
2018-07-05 05:36:53.391 [IPEngineApp] CRITICAL | Registration timed out after 5.0 seconds
2018-07-05 05:36:53.403 [IPEngineApp] CRITICAL | Registration timed out after 5.0 seconds
2018-07-05 05:36:53.412 [IPEngineApp] CRITICAL | Registration timed out after 5.0 seconds
2018-07-05 05:36:53.420 [IPEngineApp] CRITICAL | Registration timed out after 5.0 seconds
2018-07-05 05:36:53.425 [IPEngineApp] CRITICAL | Registration timed out after 5.0 seconds
2018-07-05 05:36:53.431 [IPEngineApp] CRITICAL | Registration timed out after 5.0 seconds
2018-07-05 05:36:53.439 [IPEngineApp] CRITICAL | Registration timed out after 5.0 seconds
2018-07-05 05:36:53.440 [IPEngineApp] CRITICAL | Registration timed out after 5.0 seconds
2018-07-05 05:36:53.461 [IPEngineApp] CRITICAL | Registration timed out after 5.0 seconds
2018-07-05 05:36:53.465 [IPEngineApp] CRITICAL | Registration timed out after 5.0 seconds
2018-07-05 05:36:53.472 [IPEngineApp] CRITICAL | Registration timed out after 5.0 seconds
2018-07-05 05:36:53.499 [IPEngineApp] CRITICAL | Registration timed out after 5.0 seconds
2018-07-05 05:36:53.527 [IPEngineApp] CRITICAL | Registration timed out after 5.0 seconds
2018-07-05 05:36:53.555 [IPEngineApp] CRITICAL | Registration timed out after 5.0 seconds
2018-07-05 05:36:53.562 [IPEngineApp] CRITICAL | Registration timed out after 5.0 seconds
2018-07-05 05:36:53.567 [IPEngineApp] CRITICAL | Registration timed out after 5.0 seconds
2018-07-05 05:36:53.570 [IPEngineApp] CRITICAL | Registration timed out after 5.0 seconds
2018-07-05 05:36:53.687 [IPEngineApp] CRITICAL | Registration timed out after 5.0 seconds
2018-07-05 05:36:53.779 [IPEngineApp] CRITICAL | Registration timed out after 5.0 seconds
2018-07-05 05:36:54.022 [IPEngineApp] CRITICAL | Registration timed out after 5.0 seconds
2018-07-05 05:36:54.118 [IPEngineApp] CRITICAL | Registration timed out after 5.0 seconds
2018-07-05 05:36:55.732 [IPEngineApp] CRITICAL | Registration timed out after 5.0 seconds
2018-07-05 05:36:55.765 [IPEngineApp] CRITICAL | Registration timed out after 5.0 seconds
2018-07-05 05:36:56.140 [IPEngineApp] CRITICAL | Registration timed out after 5.0 seconds
2018-07-05 05:36:56.251 [IPEngineApp] CRITICAL | Registration timed out after 5.0 seconds
2018-07-05 05:36:56.418 [IPEngineApp] CRITICAL | Registration timed out after 5.0 seconds
2018-07-05 05:36:56.429 [IPEngineApp] CRITICAL | Registration timed out after 5.0 seconds
2018-07-05 05:36:56.512 [IPEngineApp] CRITICAL | Registration timed out after 5.0 seconds
2018-07-05 05:36:58.111 [IPEngineApp] CRITICAL | Registration timed out after 5.0 seconds
2018-07-05 05:36:58.249 [IPEngineApp] CRITICAL | Registration timed out after 5.0 seconds
2018-07-05 05:36:58.313 [IPEngineApp] CRITICAL | Registration timed out after 5.0 seconds
2018-07-05 05:36:58.383 [IPEngineApp] CRITICAL | Registration timed out after 5.0 seconds
